# 2006 Yearly Undirected Bipartite Graph: Users to Businesses (Reviews)
# Tab-separated list of edges. Refer to filename_elite.txt for elite mapping
# NodeId  NodeId
8751	1205748	5
29610	1205748	5
28214	1292916	5
25739	1292916	4
20054	1292916	4
1788	1292916	5
39183	1317118	5
21979	1317118	4
28214	1199036	5
1788	1199036	5
31725	1199036	3
10805	1259527	4
13993	1259527	4
19051	1209792	3
1835	1261283	1
32595	1214477	4
22088	1206305	5
33678	1266206	3
20582	1245486	3
28687	1262788	4
25507	1262788	5
13	1262788	4
39236	1302439	1
38028	1302439	5
27924	1302439	5
17486	1302439	4
36061	1302439	4
9322	1212457	5
21440	1328151	3
34811	1328151	4
18071	1328151	4
33742	1328151	4
24252	1328151	4
962	1328151	3
1370	1232862	2
39194	1194665	4
18955	1194665	4
18025	1260657	4
26562	1324290	5
38028	1324290	5
35157	1207690	4
26644	1293774	3
18274	1231557	2
6179	1231557	3
25447	1231557	4
7129	1231557	5
441	1231557	3
1426	1231557	1
31012	1205239	5
10805	1238637	4
30688	1238637	4
5208	1225215	4
11636	1202290	4
30238	1248712	4
8312	1212824	4
35157	1274978	4
29453	1284224	5
10052	1300283	4
18071	1300283	3
48939	1307629	5
76590	1317529	2
65567	1307629	4
18031	1199065	3
18025	1199065	5
60485	1258356	5
70335	1334122	5
41017	1268212	4
42797	1328151	4
42838	1185443	4
45372	1307420	3
57715	1248114	4
60146	1199065	3
71282	1199065	5
64034	1199065	5
73944	1199065	4
6179	1251548	3
51510	1337861	4
5142	1226662	4
35157	1225751	5
17351	1298956	4
51625	1321855	4
75825	1211206	2
74613	1211206	1
75756	1211206	3
40928	1328261	2
63634	1211206	2
75448	1211206	5
47561	1211206	5
54498	1211206	4
61416	1211206	3
67101	1279641	4
16693	1279641	4
60581	1321855	4
77702	1299776	5
33678	1260108	4
39183	1260108	4
49774	1194259	3
1788	1194259	5
1788	1275902	5
50121	1211206	5
46133	1205520	5
51000	1205520	3
10805	1279641	4
22681	1279641	4
23553	1279641	4
59078	1252601	3
54679	1252601	5
77719	1242236	4
74174	1187144	4
41157	1315922	2
28214	1284726	3
46741	1260842	3
48035	1260842	4
41344	1260842	2
56825	1260842	2
40962	1260842	3
61289	1260842	5
52187	1260842	3
49808	1260842	1
69875	1260842	1
43420	1260842	2
39680	1260842	4
71456	1260842	1
40122	1260842	2
60583	1260842	1
51173	1260842	4
44065	1260842	2
41386	1260842	4
74613	1260842	3
33678	1318625	4
47935	1329503	3
52410	1293540	2
55456	1333503	4
6179	1188757	3
54498	1260842	3
61416	1260842	2
1426	1260842	5
64071	1264481	4
52921	1193438	4
16116	1219271	2
47637	1219271	3
49040	1288880	4
56746	1288880	5
11636	1261876	3
45372	1335934	4
42797	1299704	1
45313	1274743	4
56054	1274743	4
42958	1315922	5
39944	1301942	1
16693	1249695	3
51778	1194065	5
55570	1200157	4
54774	1333503	5
70510	1288880	4
45771	1290846	1
71665	1290846	3
72082	1288880	4
114077	1337620	3
95675	1315922	2
102457	1192741	3
45496	1194065	3
99170	1194065	5
45313	1241231	5
64034	1252601	5
99164	1303536	4
45313	1191035	4
40575	1248467	5
80855	1290846	3
89244	1270872	4
51510	1315922	3
95532	1315922	5
1788	1202046	4
26644	1224496	5
74174	1224496	3
10805	1218741	5
91056	1338912	3
23553	1328957	3
25507	1328957	5
8312	1331008	5
81995	1316211	5
22800	1307453	5
52073	1241823	4
103096	1290846	4
7822	1203035	5
103747	1253309	4
6175	1184638	4
26644	1253974	5
100708	1253974	4
91927	1315922	3
107953	1307453	5
110146	1307453	5
11599	1292958	2
40122	1290846	2
35989	1257481	5
30688	1229205	4
107959	1290361	3
21637	1290361	3
99335	1290361	3
102675	1290361	4
42797	1290361	4
75825	1290361	5
18274	1290361	4
73217	1241231	4
87888	1307453	4
113446	1307453	5
5208	1290361	4
98378	1290361	4
83609	1290361	5
109861	1290361	5
99451	1290361	5
103686	1290361	2
98121	1290361	4
59048	1290361	3
110491	1290361	5
80478	1290361	4
16693	1253974	4
4458	1253974	4
112222	1290361	2
74613	1290361	4
105926	1290361	5
25447	1290361	3
110460	1290361	2
107359	1290361	2
105897	1290361	4
81336	1290361	2
61416	1290361	3
94034	1290361	1
107806	1290361	5
88415	1290361	2
98630	1290361	3
80747	1290361	5
63634	1290361	2
95877	1290361	5
54498	1290361	4
114516	1290361	3
114123	1290361	4
115071	1290361	4
83364	1290361	3
92808	1315922	3
107619	1315922	3
107806	1315922	4
42797	1287516	3
16116	1333705	4
105751	1290846	5
74174	1253974	5
5208	1315922	3
84084	1315922	3
1426	1333705	5
79177	1315922	3
88130	1315922	4
87100	1315922	4
1426	1315922	3
82354	1215142	3
16574	1223132	4
99538	1223132	3
35157	1215142	4
58402	1314615	4
81995	1314615	5
112210	1314615	2
66380	1237067	5
10805	1206175	2
99222	1206175	3
57715	1195255	5
1788	1284726	3
111834	1201843	5
18031	1201843	5
18025	1201843	4
102644	1236080	3
31725	1223132	3
1788	1223132	5
16693	1216190	5
112210	1216190	5
23553	1184056	3
58402	1184056	2
116113	1288655	5
72082	1334484	4
111116	1220177	4
95055	1220177	5
51625	1315008	4
64034	1241409	4
26644	1339125	5
74174	1339125	5
5196	1309767	3
60485	1185355	5
9322	1326160	4
41017	1326160	5
35157	1290581	3
89970	1292892	4
30688	1187643	5
1788	1248694	5
64071	1310779	3
20963	1260474	2
21866	1326634	5
80855	1236205	3
31725	1281216	5
6179	1305556	3
136443	1235185	5
52921	1235185	4
125354	1248321	3
41344	1248321	3
10805	1248321	2
4458	1248321	1
14361	1248321	3
110146	1275114	3
10805	1206704	5
130179	1236205	4
60581	1236205	4
23788	1312170	4
35157	1252141	3
82354	1252141	4
125354	1206704	4
4458	1206704	5
131574	1186665	5
132126	1221234	5
105897	1221234	4
149415	1221234	4
149007	1184236	4
6175	1262721	3
64034	1303308	2
131758	1231115	5
36061	1231115	4
29145	1236205	4
6179	1196662	3
10805	1204331	4
61673	1199987	5
5196	1312828	5
20963	1221687	3
120121	1248519	5
126474	1320924	4
99538	1244775	3
21097	1244775	4
75596	1225801	3
125354	1185210	2
83609	1203035	5
112210	1312474	5
25507	1204331	4
125347	1314615	4
130460	1211344	4
66380	1268530	5
111834	1186665	5
76449	1186665	4
138666	1186665	5
142166	1193848	4
81995	1286639	5
10805	1185210	3
152741	1337189	5
46741	1322235	3
125405	1322235	4
133433	1322235	5
42343	1212572	3
141619	1183649	4
60390	1315151	4
35157	1200745	5
38905	1232172	5
11636	1327060	4
9322	1229591	5
51000	1299387	4
6179	1302008	4
132398	1263233	5
175313	1326069	4
16693	1326069	3
6175	1205750	5
22800	1236982	3
192094	1244895	4
38905	1284808	4
60485	1192318	4
125354	1192318	5
64071	1336956	4
45372	1315151	4
168005	1315151	4
31725	1315151	3
72082	1339237	4
76449	1329293	3
18031	1329293	5
51000	1201946	4
30688	1242552	2
60146	1214260	5
18031	1214260	3
175391	1214260	3
1788	1276340	4
11636	1211014	4
18031	1216604	3
6179	1195080	4
162575	1299190	4
35157	1303217	3
168311	1250564	4
28214	1260039	4
31725	1260039	5
25592	1330124	4
61513	1189767	3
10805	1267388	1
125354	1267388	4
181265	1267388	4
172883	1267388	3
161271	1330305	5
171827	1330305	4
35989	1330305	5
39183	1330305	4
79550	1203035	2
158513	1230583	5
163253	1203035	4
14361	1226864	5
72854	1226864	3
110146	1236982	3
55570	1197711	2
169286	1325520	4
52410	1269610	4
138666	1197769	3
161409	1203035	5
192307	1229591	5
161935	1288706	3
9322	1288706	3
30554	1188433	2
16693	1190490	1
64034	1215930	4
23553	1281137	4
159461	1193551	2
19637	1193551	3
20054	1205449	4
176680	1203035	5
110491	1203035	2
47637	1202239	3
1788	1338912	4
18031	1335750	3
103686	1273085	4
182206	1294980	3
23462	1337309	5
166118	1337309	5
10805	1209199	4
194772	1247836	3
116222	1247836	4
1788	1205621	3
72082	1205621	2
175307	1203035	5
166266	1203035	3
181282	1211737	5
1426	1211206	4
64034	1240812	5
189459	1260312	5
64071	1184410	4
64034	1283169	4
25866	1334267	4
4970	1303469	4
1835	1303469	4
31725	1337309	5
186443	1312864	4
172205	1203035	2
39027	1227655	2
111116	1229827	3
158256	1229827	3
43420	1229827	4
169738	1326524	4
3803	1326524	2
64071	1326524	4
184083	1241973	5
3803	1241973	4
38028	1241973	5
3803	1186215	5
195333	1186215	3
39183	1192428	3
17486	1192428	3
38028	1192428	5
64034	1333435	4
48035	1193551	3
202904	1193551	5
218657	1203035	3
215305	1311345	5
213900	1193551	4
53863	1193551	5
90612	1193551	5
197867	1229742	5
230308	1300805	4
226172	1300805	3
213525	1300805	4
224291	1300805	2
175307	1300805	3
219490	1300805	4
39595	1300805	1
45372	1258676	4
231345	1203035	4
225168	1321298	5
225667	1203035	4
163255	1294840	4
116222	1296023	4
162210	1226125	5
35157	1233661	5
95387	1338710	5
208516	1338710	4
27924	1302593	5
73944	1241371	5
125354	1229252	5
21097	1329048	3
45372	1329048	4
203587	1273328	5
18071	1252436	1
202747	1252436	5
4458	1211719	4
205355	1184048	5
60583	1322338	5
222058	1194866	4
17351	1253737	3
217339	1229827	4
115071	1229827	4
1426	1229827	2
36061	1292685	4
16693	1211719	2
9310	1284658	4
28687	1236737	4
5196	1236737	3
10805	1236737	3
29610	1222523	2
64071	1304561	3
225168	1304561	4
139325	1304561	4
201190	1245358	5
83609	1313027	5
203140	1313027	5
7664	1313027	4
3803	1260266	4
33678	1260266	5
39236	1260266	4
64071	1260266	4
41344	1203035	4
218018	1249051	3
216307	1228989	4
116222	1264425	3
194772	1264425	3
23553	1202308	4
1426	1300805	5
198666	1300805	1
204503	1283264	5
3803	1283264	4
46741	1282304	4
227068	1282304	4
229353	1227022	5
35157	1326392	4
9322	1310888	4
8751	1310888	3
52921	1260820	4
72095	1303457	5
205542	1324622	5
49696	1267388	4
66380	1275880	5
10805	1306122	5
219137	1310888	5
56746	1198716	5
223651	1250486	3
231125	1310542	4
218294	1310542	3
60485	1215497	4
125354	1215497	3
1788	1260039	4
50996	1196372	3
5208	1203035	5
51000	1284599	4
215474	1312644	5
60485	1227022	5
4458	1227022	5
11636	1258302	5
46133	1251072	4
10052	1251072	5
221407	1251072	4
50121	1251072	5
5208	1251072	5
4970	1251072	5
225564	1302053	3
161409	1302053	3
210643	1326883	3
45372	1322486	3
215639	1205449	1
206445	1205449	5
74174	1231789	1
10805	1238943	5
179132	1193551	4
206224	1193551	5
225681	1193551	4
96569	1193551	3
65567	1288413	4
20963	1295889	3
10805	1294220	3
13993	1294220	1
25592	1196600	1
192094	1257298	5
262967	1319455	3
10381	1195254	5
20963	1324834	4
125354	1226404	4
10805	1215497	4
264750	1242911	4
272475	1339783	3
102675	1191757	4
141268	1281236	5
83220	1316996	3
60485	1200628	5
1426	1331218	4
252750	1218316	4
51018	1183464	1
55570	1183464	3
16693	1200628	4
49696	1200628	5
23462	1231059	5
240551	1255452	3
273840	1255452	2
51173	1254621	4
54498	1193551	4
237000	1193551	5
73217	1192520	2
48416	1294051	5
250357	1275532	4
38905	1215545	5
74174	1257768	4
105926	1290461	5
5196	1224030	5
1426	1338710	5
64034	1317313	4
21866	1272321	4
64071	1207069	4
52921	1207069	4
39183	1207069	4
272735	1207069	5
162210	1202893	4
74174	1317326	1
10805	1252820	3
16693	1252820	4
52410	1305898	5
248012	1202879	5
260237	1313232	3
22453	1285629	4
125354	1285629	3
60485	1285629	2
34867	1281896	3
26644	1202879	5
23553	1202879	5
58904	1189103	5
116222	1189103	3
22453	1202879	4
64034	1235271	1
60485	1217347	3
18031	1320465	5
239546	1270536	4
5196	1335146	3
42797	1195863	5
81995	1209338	4
261742	1271987	4
194199	1271987	4
249133	1329003	5
110491	1329003	4
261353	1324457	5
20054	1322486	4
256028	1281632	4
52921	1331927	4
29610	1281632	5
133433	1294051	4
99335	1294051	5
243864	1329003	1
273889	1329003	3
1835	1293053	5
249515	1331406	5
273497	1297355	3
4570	1193551	4
1426	1193551	5
69189	1203035	5
6175	1313232	4
10805	1232205	5
125354	1232205	5
266123	1223917	4
1788	1328102	5
30688	1209338	5
39595	1209338	4
151639	1305334	3
22800	1185206	4
83609	1312705	4
254732	1312705	4
10805	1294906	5
138666	1230854	5
47637	1199551	3
239253	1199551	5
206445	1305898	5
252307	1255512	1
11636	1281994	5
64071	1312678	4
3803	1312678	5
10805	1304144	5
71456	1279481	5
18071	1338697	3
254832	1279481	5
39595	1208580	5
77872	1195045	5
10805	1234766	5
281792	1279481	5
51778	1279481	5
87888	1279481	3
10805	1224944	5
44065	1279481	4
17351	1207563	5
79449	1279481	5
60581	1279481	1
4570	1279481	5
282754	1279481	5
5196	1271022	4
281260	1247633	5
88415	1279481	3
281298	1279481	5
300244	1279481	1
45372	1267526	5
292107	1267526	3
282887	1251244	5
64071	1208647	2
52921	1321050	3
291235	1251244	5
281395	1252064	4
35157	1315074	4
20963	1315074	4
14361	1315074	5
86914	1203035	5
291044	1203035	4
51625	1205742	4
60485	1277129	2
225681	1224059	4
159734	1329540	4
30688	1254970	5
81995	1275959	4
306569	1305922	3
11636	1284981	3
244420	1327020	5
74174	1202879	3
39183	1243361	5
35157	1251612	3
45313	1219773	2
83609	1294051	3
102675	1294051	4
32135	1329003	4
282881	1329003	5
284628	1329003	5
26644	1195529	2
74174	1195529	2
38905	1192882	3
39236	1192882	4
298775	1192882	3
10805	1299224	2
58402	1299224	4
42343	1263300	3
21866	1299224	4
60485	1287451	4
45313	1287451	4
80478	1295161	5
80541	1254594	5
74174	1254970	3
58411	1203035	5
291619	1203035	5
282282	1203035	3
291733	1204316	4
139325	1204316	3
38905	1288474	3
38028	1288474	5
297293	1240754	5
298624	1242053	4
297163	1242053	4
13993	1287451	5
56746	1241716	5
28687	1213712	5
311698	1230664	4
50996	1296749	4
280784	1216853	5
9322	1217062	3
280286	1217062	4
288430	1217062	4
16693	1297500	2
285915	1270657	4
10805	1270657	1
286848	1270657	4
5142	1270657	2
74174	1270657	2
205234	1278824	4
56746	1278824	5
45372	1278824	4
304401	1296250	4
280830	1307468	5
305414	1202890	5
256028	1241979	5
224291	1276547	5
52086	1276547	4
20266	1257292	4
109225	1257108	4
39183	1257108	4
73944	1278478	5
11636	1203457	4
284003	1203035	4
42797	1203035	4
103747	1247894	4
297491	1247894	4
39236	1247894	3
40928	1187737	4
30688	1212010	1
201190	1185717	4
264182	1300311	1
175313	1268549	4
66380	1229209	5
308150	1281439	5
31725	1278824	4
1788	1278824	5
16693	1250841	3
280286	1251892	5
294129	1279992	5
52073	1279992	5
111834	1183931	4
17351	1183931	5
282884	1258092	5
161935	1258092	5
50996	1332940	1
72854	1281838	5
35157	1281838	4
281655	1281758	5
71456	1281758	5
307287	1281758	5
202904	1281758	5
91056	1281758	4
310042	1281758	5
282885	1281758	5
292736	1281758	5
292733	1281758	5
239253	1281758	5
11636	1316959	1
38905	1257165	4
116222	1199706	5
16693	1234766	5
10805	1206506	4
4970	1294051	4
73217	1184864	5
10805	1299501	2
74174	1299501	1
125354	1204888	3
35157	1286642	3
51000	1257230	4
73217	1201297	4
329735	1229686	5
344056	1229686	5
75710	1308253	5
50996	1219898	2
113446	1336618	1
110146	1336618	4
6179	1311213	3
35157	1304934	5
26644	1331451	4
74174	1331451	3
201009	1203035	3
22681	1223037	5
348680	1223037	5
16693	1223037	5
329721	1303414	1
14361	1212648	4
348706	1258092	5
181973	1197406	5
50996	1319821	4
33678	1255784	3
132398	1207296	4
16693	1311437	4
17351	1251489	3
328406	1288210	3
348080	1311213	1
46852	1294728	5
36061	1238710	4
22800	1270045	3
110146	1270045	3
21979	1324494	5
52921	1324494	4
256028	1297733	5
233878	1308110	5
35157	1227561	5
60485	1220769	3
6179	1244306	4
199299	1286298	5
159734	1257326	3
6179	1273633	4
262177	1200234	4
120121	1287736	5
36061	1284493	2
116222	1202894	4
194772	1202894	5
343070	1208660	3
224291	1224291	4
57715	1246991	1
18025	1276912	5
215639	1292917	4
192307	1195639	5
332783	1228063	5
19051	1248654	5
25254	1339038	4
64034	1339038	4
29610	1274197	5
64034	1272674	2
225681	1227816	5
125354	1195684	4
286848	1238774	5
5142	1238774	2
30688	1221560	5
18274	1294051	5
351028	1232893	4
33678	1232893	4
311698	1246255	3
351028	1246255	4
58904	1246255	4
351809	1313727	4
22453	1282400	4
1788	1302974	5
77872	1192882	1
48939	1335831	3
205542	1308887	5
74174	1308887	4
38905	1295830	4
330905	1289544	4
110146	1272673	3
298775	1256990	2
337639	1256990	1
293377	1256990	3
36061	1202068	4
25592	1187666	3
1788	1187666	5
205234	1187666	3
112210	1334586	4
5142	1334586	4
22681	1334586	4
330977	1289544	4
38905	1309600	4
327601	1309600	4
3803	1309600	4
83609	1317314	3
21637	1317314	3
64071	1280889	2
333220	1329486	2
5208	1329486	5
30688	1266225	2
61513	1310113	3
30688	1270355	4
51000	1213539	3
18031	1289544	3
8312	1230170	4
38905	1291638	4
39236	1314037	5
39183	1196631	4
320111	1311213	4
284206	1209490	4
29610	1296177	5
102457	1296177	5
51000	1284466	4
311698	1280816	3
331865	1207331	1
52410	1316827	5
49774	1316827	5
215639	1316827	5
18031	1198173	4
20963	1319661	4
35157	1319661	4
18025	1188462	4
328406	1274741	3
324211	1236909	4
237000	1236909	4
334262	1236909	4
112210	1327661	5
330511	1244164	3
22681	1274196	4
64034	1313372	3
10805	1294856	5
13993	1315247	4
4458	1299224	5
321802	1308001	2
339009	1280816	4
39236	1195779	4
141464	1283984	4
354272	1243261	5
64071	1246255	2
22453	1258654	5
126474	1197979	2
1788	1208908	3
204503	1318491	4
3803	1318491	5
374681	1243342	4
18025	1243342	3
81336	1328999	1
40575	1202516	4
31961	1202516	4
74174	1264886	1
357054	1253044	3
116113	1315212	1
58904	1315212	1
10805	1217332	2
357054	1283984	4
76590	1326616	1
3803	1261049	4
120121	1237709	5
22800	1305632	3
367720	1305632	5
97480	1305632	5
110146	1305632	3
52921	1290903	5
10805	1187760	3
77872	1327395	3
290894	1308025	1
98121	1308025	3
369325	1308025	3
376468	1308025	4
5208	1308025	1
224291	1308025	4
75825	1308025	4
10052	1308025	1
50121	1308025	4
54498	1308025	3
362217	1308025	3
115071	1308025	3
84038	1308025	2
82801	1308025	3
1426	1308025	4
208380	1283854	4
83658	1317314	3
6179	1317314	3
124842	1265658	3
366052	1289382	4
391066	1299431	5
64071	1191787	3
38905	1191787	4
52921	1191787	5
11636	1249274	5
39183	1249274	4
116222	1249274	5
194772	1249274	4
363729	1249274	5
46852	1240646	5
112210	1249012	5
41344	1253913	3
285915	1217625	4
52410	1282097	5
59618	1281751	3
31725	1317844	4
28273	1314278	4
5142	1314278	3
16693	1314278	3
74174	1314278	3
355662	1273447	3
201009	1184123	4
51000	1184123	3
288430	1222646	5
17351	1198625	5
64071	1306786	5
30688	1233912	4
10805	1232678	5
63634	1282908	5
151639	1238774	3
45372	1228378	4
9310	1228378	4
297163	1196631	4
298624	1196631	4
25447	1294051	5
371330	1217332	3
125354	1217332	3
359714	1309068	5
161935	1260916	2
59618	1201470	4
31725	1268277	5
1788	1268277	5
390997	1308150	5
29442	1308150	4
52921	1210271	4
11636	1210271	5
1370	1317314	4
142166	1317314	4
61416	1317314	4
22453	1206536	4
65567	1193910	5
49808	1232100	2
361749	1319723	4
376399	1263116	4
64034	1267039	4
382665	1210271	5
77872	1210271	5
5196	1265283	2
16693	1265283	2
201190	1328878	5
125354	1304393	4
181973	1203098	5
141268	1232486	5
125354	1277559	1
294129	1314956	4
52921	1282202	4
14361	1338045	4
58402	1270726	4
39236	1310901	4
116222	1310901	5
42343	1310901	5
125354	1317982	3
41344	1317982	4
387632	1317982	4
22681	1317982	2
10805	1317982	2
30554	1317982	3
14361	1317982	5
16693	1317982	2
5208	1317982	3
4458	1317982	5
23553	1312494	1
21866	1312494	4
16693	1312494	4
64034	1319219	3
51625	1224252	3
375420	1224252	3
60581	1224252	3
362550	1243653	5
386955	1311450	4
110146	1318507	4
171827	1299431	5
311698	1299431	3
52921	1299431	4
393344	1299431	2
308513	1252526	5
375404	1337349	4
64034	1337349	4
46133	1310055	4
4570	1310055	4
373055	1310055	4
31961	1310055	4
292733	1310055	2
28687	1217332	4
38028	1267560	4
36061	1190960	4
52921	1313328	3
102457	1280382	4
387444	1252093	4
252307	1252093	4
131546	1252093	5
57715	1187241	5
39236	1217330	4
97480	1297056	3
375237	1297056	4
103096	1297056	4
373187	1297056	1
358782	1290448	5
169738	1239380	4
125354	1193860	4
25507	1193860	4
9322	1230369	5
238713	1230369	3
254523	1305632	4
22681	1310279	4
38905	1258589	5
182134	1284742	5
370268	1294051	5
35157	1202557	4
225681	1296036	4
60485	1193603	4
18031	1266951	3
74174	1252878	5
10805	1313639	4
131574	1201275	1
5208	1253044	5
83609	1253044	5
11599	1249667	3
358590	1186105	3
38905	1215588	3
158513	1282427	1
80855	1282427	3
365041	1282427	5
1370	1282427	4
17351	1282427	5
359510	1282427	3
370864	1234664	5
16693	1193603	3
45372	1276410	5
103747	1241767	5
311027	1241767	4
366337	1241767	3
380942	1224769	5
116113	1237968	4
298775	1237968	4
92808	1268710	5
66380	1251068	5
370905	1280382	5
29610	1280382	5
11636	1211695	4
35989	1305239	5
9322	1194037	2
264690	1209632	2
413421	1290365	3
171827	1333576	5
166118	1311308	4
280830	1311308	4
64034	1198866	5
362550	1283470	2
80855	1224252	2
394688	1224252	3
46741	1193434	3
5208	1224493	5
206445	1325522	4
433684	1252870	5
77872	1252870	5
83658	1204223	3
39236	1308150	4
431126	1308150	5
52921	1308150	5
66380	1308150	4
109225	1267560	5
18025	1319019	3
25507	1262874	4
110491	1253044	4
432729	1209340	5
20054	1237862	5
416525	1224167	5
29610	1221026	4
51000	1232697	5
35157	1254555	2
404274	1275041	5
52921	1275041	5
286848	1329567	5
404738	1219533	4
83609	1224493	5
441	1224493	5
50121	1224493	5
20963	1253572	2
58705	1253572	1
226172	1278833	4
126474	1258926	4
3803	1227612	4
413421	1204223	2
80855	1204223	3
414824	1328386	5
238713	1279324	1
41017	1279324	3
281260	1279324	4
351809	1277884	3
35989	1277884	4
51000	1253044	5
6731	1253044	5
45313	1253044	2
35157	1333077	3
18025	1255537	3
18031	1255537	2
17351	1255537	3
403029	1307112	2
10805	1183777	1
35157	1328211	4
42838	1253035	4
58904	1248318	4
64034	1323923	4
14361	1220343	5
1788	1318019	5
64071	1257817	3
35157	1260902	4
414824	1274196	5
81995	1274196	3
60485	1274196	5
4458	1274196	4
34897	1203645	5
5196	1199366	5
432921	1291898	4
410701	1291898	5
427266	1313639	4
25866	1313639	2
25507	1313639	4
60485	1220343	5
3803	1200598	4
64071	1200598	4
102675	1220343	4
5142	1274322	5
16693	1274322	5
103686	1224303	4
64034	1314874	4
45372	1325346	1
132398	1270174	4
100056	1219683	4
64071	1273878	4
3803	1273878	4
38905	1280753	5
405624	1280753	4
304401	1280753	5
171827	1280753	5
395956	1280753	5
266436	1280753	4
375404	1248518	4
394493	1248518	3
18025	1248518	2
298624	1263511	4
38905	1185423	4
306569	1319127	4
28214	1300028	4
52921	1253511	3
51000	1208919	3
13993	1220343	4
3803	1220666	5
66380	1220666	4
18031	1312709	3
30554	1230172	3
16755	1310795	5
64034	1296872	3
31725	1196955	5
298775	1319902	5
433204	1230186	4
89970	1230186	2
105926	1241214	5
5196	1220343	5
401801	1220343	4
1788	1217876	5
311698	1307720	4
427858	1333576	4
181265	1256209	3
136443	1258976	4
298775	1258976	4
414547	1274322	5
159734	1336829	5
52921	1262080	3
41344	1313639	5
45313	1313639	2
404738	1195098	4
34867	1246250	5
21097	1246250	5
17351	1295056	5
51625	1295056	4
224291	1295056	1
5196	1204441	2
22453	1204441	4
406931	1204441	3
1370	1319127	3
38028	1281119	5
424275	1281119	5
64034	1193365	4
51000	1290423	4
47637	1313289	3
38905	1236084	5
5196	1313215	3
299195	1313215	4
35157	1320794	4
252307	1274619	3
3803	1301769	4
46725	1338190	5
45372	1287633	5
33678	1280343	4
417227	1267800	4
225168	1311114	3
21097	1334344	3
437537	1281427	3
99538	1307607	5
445384	1199477	4
21097	1305700	4
439107	1329529	4
33742	1329529	4
52921	1230694	4
452892	1212232	5
18274	1316857	5
464478	1284615	4
35157	1320607	4
298624	1193063	5
38905	1193063	5
437699	1193063	4
52921	1193063	4
66380	1193063	4
468184	1193063	4
5196	1259266	5
447689	1199491	4
60485	1325183	2
46852	1249639	5
31725	1231700	1
1788	1231700	4
447689	1322003	5
52921	1311114	5
199299	1214988	1
64034	1214988	3
58402	1246671	3
125354	1327194	5
102457	1184728	4
36061	1194124	5
1788	1300028	5
21866	1244490	5
16693	1244490	4
10805	1244490	3
252307	1299078	2
46852	1322322	2
318251	1205097	4
40928	1255494	3
10805	1213573	5
64034	1248518	3
22800	1280352	3
21866	1301502	4
51018	1301502	5
125347	1301502	4
39236	1196755	4
297163	1196755	4
21097	1300279	2
1788	1300279	1
469784	1210573	5
5142	1224174	5
124842	1246134	5
38905	1223747	4
33678	1223747	3
354272	1296394	5
23553	1274932	1
22800	1244781	5
318251	1244781	5
23462	1273706	4
298775	1237421	5
439713	1196349	5
442702	1196349	5
1426	1204223	3
74174	1230741	3
338168	1245238	5
21866	1312323	4
442893	1312323	4
60485	1312323	4
16693	1312323	5
10805	1312323	5
455421	1312323	4
252307	1209743	3
66380	1186486	4
36061	1186486	4
471497	1221777	3
51000	1268819	5
60581	1294051	5
31609	1294051	5
164887	1214501	5
433204	1214501	5
116570	1214501	4
33678	1185322	5
64071	1185322	5
22453	1312042	4
380942	1189718	4
52073	1260585	4
163255	1209763	5
51000	1313453	2
38905	1330708	4
21097	1311095	2
66380	1324078	5
181265	1203810	3
361749	1203810	2
28273	1225361	5
442840	1254888	4
16116	1254888	5
1835	1254888	4
1426	1254888	5
35157	1226925	4
50996	1253136	4
445471	1205097	5
454296	1246533	5
41344	1204348	4
31961	1282887	5
49774	1294421	5
280286	1330858	5
41344	1327136	4
28273	1331854	5
74174	1331854	2
18025	1201013	3
413421	1244781	4
354272	1225072	4
3803	1266290	4
49696	1213573	5
22453	1226165	1
30688	1226165	1
25507	1226165	1
116113	1185524	5
25592	1189737	3
205234	1189737	3
74174	1315706	1
18025	1275672	3
110146	1198684	4
469784	1288564	5
3803	1288564	5
55570	1254661	4
4970	1219205	4
249225	1338190	5
5142	1286423	4
358782	1286423	5
30688	1286423	4
414547	1286423	2
21097	1220296	3
25507	1251666	4
7822	1201313	2
110491	1191246	3
463469	1191246	2
5208	1244781	5
41344	1244781	3
83609	1244781	4
164536	1244781	5
29442	1195515	5
438557	1195515	5
52921	1201460	5
13993	1187799	5
445384	1260757	5
30688	1227871	4
20963	1275889	3
194772	1293971	4
51173	1198594	4
11636	1191854	5
14361	1337534	4
449846	1244781	5
86914	1244781	5
455499	1244781	5
124592	1244781	4
102644	1252956	2
446775	1252956	5
55456	1252956	4
9322	1241321	4
414547	1256209	3
46741	1295115	2
98378	1295115	2
51510	1295115	4
75448	1295115	4
50121	1295115	4
1426	1295115	3
34867	1325692	4
467223	1325692	5
370905	1302029	3
459146	1234271	4
333220	1335162	3
434028	1219577	5
71594	1219577	4
110146	1280352	3
80478	1239430	5
51000	1239430	4
469739	1317382	5
71456	1244781	4
95955	1281330	2
51000	1281330	4
218018	1203599	3
35157	1259126	5
413421	1234451	3
438164	1234451	4
442552	1234451	5
10805	1196615	3
10805	1258718	4
159734	1189753	4
5196	1260965	3
20963	1196165	3
82801	1206724	4
405624	1288564	5
508493	1288564	5
97480	1191246	4
30688	1339647	4
64034	1275672	3
225564	1292042	4
17352	1292042	5
403029	1233109	3
25866	1261850	3
14361	1261850	4
6175	1261850	3
18025	1333541	1
64034	1333541	1
9322	1278002	4
281260	1278002	5
18031	1327677	1
40928	1205097	3
90612	1338190	5
477662	1268163	4
11636	1234627	4
10805	1307141	3
22681	1307141	4
74174	1222246	2
51173	1321669	3
20963	1238188	3
103096	1248993	3
56746	1300144	5
373055	1244781	4
107650	1244781	5
478255	1252956	5
11636	1201447	3
489577	1219577	5
494944	1335162	3
21637	1241345	4
35157	1311450	4
74174	1262667	1
6175	1332631	2
43420	1189464	5
479888	1306714	5
495396	1306714	5
146438	1306714	4
511160	1306714	5
10805	1260965	3
22681	1309114	5
14361	1258718	4
22681	1258718	4
125354	1330088	4
224291	1244781	5
32135	1244781	4
484428	1244781	5
497537	1244781	5
238713	1206468	4
72082	1189737	3
52921	1211469	4
125354	1303249	4
375294	1225576	4
25592	1206157	4
1370	1293240	1
18031	1256101	3
17351	1256101	4
88478	1269527	4
485024	1290400	5
18274	1290400	5
489857	1290400	5
489471	1290400	4
60581	1290400	3
61416	1191246	4
116222	1320223	5
45372	1280197	4
125354	1301739	4
171827	1292133	4
468184	1292133	5
96572	1302318	5
25507	1329237	4
488162	1260757	3
361749	1197843	2
22453	1225670	4
30688	1225670	4
25592	1246171	2
1788	1246171	1
298775	1213402	3
161271	1213402	4
433204	1213402	3
186238	1213402	5
55674	1294051	5
10805	1286283	5
484428	1205097	4
10805	1275956	5
503404	1330766	4
502313	1212820	5
10805	1212820	3
962	1225498	2
1426	1225498	4
5196	1289782	2
181265	1289782	1
125354	1289782	3
19051	1295350	4
64034	1223501	4
5208	1240621	4
125354	1248809	5
25447	1242838	1
16693	1203715	3
476952	1244781	2
503490	1308932	5
32971	1308932	5
162210	1335894	5
52921	1335894	5
51000	1315396	2
486967	1219577	5
110146	1271158	2
480643	1221201	5
9322	1252956	4
51018	1199993	1
169286	1330942	5
19204	1294949	4
21097	1294949	3
1788	1294949	4
80855	1316997	3
57715	1240050	3
109225	1210183	4
11636	1310060	3
360487	1298612	3
64034	1217258	3
29610	1186951	5
41017	1186951	5
1835	1244781	4
55674	1244781	5
320111	1244781	5
192094	1209479	4
298775	1190164	5
183226	1190164	4
64071	1190164	4
207610	1190164	2
116113	1190164	4
38905	1190164	3
1788	1324044	3
1426	1191246	4
481433	1288444	5
75596	1288444	4
210643	1291680	4
9322	1203093	5
131758	1259358	5
35157	1257167	3
103686	1290400	3
438164	1290400	4
17351	1290400	4
80855	1290400	4
84038	1290400	3
329721	1290400	4
1426	1290400	4
201190	1265481	3
39595	1294051	2
218018	1239253	3
109861	1205097	3
103686	1205097	3
38905	1231123	5
11599	1260757	5
5208	1331749	4
413421	1300698	3
18274	1300698	3
22800	1300698	3
60485	1279524	4
64071	1266035	4
488639	1330269	5
21979	1330269	4
493866	1330269	4
30688	1212820	3
503236	1212820	5
74174	1212820	5
52921	1195203	4
51173	1308905	4
204503	1295521	4
52921	1295521	4
195333	1295521	4
60485	1289782	3
411623	1289782	3
22681	1289782	3
103747	1270220	3
171827	1270220	4
38028	1270220	1
77872	1270220	5
60485	1274462	3
505095	1274462	5
1788	1325692	4
38905	1325152	3
39236	1325152	4
116222	1325152	5
22800	1308690	3
110146	1308690	3
201190	1308690	2
454711	1308690	4
451651	1220617	4
10805	1262884	5
45771	1301708	5
64034	1266661	4
213900	1219577	4
73217	1240730	3
18274	1316914	5
80855	1335162	3
215639	1194517	4
206445	1194517	4
18025	1280975	1
17351	1224181	5
103747	1297046	4
18274	1228450	5
132398	1290762	5
192094	1290762	5
18031	1284034	5
57715	1284562	3
192094	1291754	4
16693	1226029	2
6179	1205097	4
14361	1227584	5
132398	1202277	5
11599	1202277	5
30688	1310985	4
162210	1332613	5
5142	1324812	5
25592	1269890	4
481201	1268492	2
99451	1300698	4
24252	1300698	2
83658	1300698	4
497339	1300698	3
112210	1225576	5
38028	1267994	4
46741	1272279	3
64071	1183889	4
11599	1288156	4
194772	1325152	4
22453	1289080	4
64071	1203186	3
95955	1205739	4
111116	1205739	3
6731	1205739	4
20963	1270899	3
204503	1331702	5
171827	1331702	4
64071	1331702	4
514056	1252956	5
42008	1207873	4
3803	1275128	4
60390	1247085	4
125354	1229603	3
459146	1301321	5
42797	1268233	5
1426	1268233	5
89319	1335162	3
1426	1335162	3
151639	1195664	5
18071	1290422	2
42797	1228450	4
526964	1228450	4
254832	1228450	5
40962	1228450	4
22453	1228450	4
73217	1285487	3
370905	1196286	4
48416	1252270	5
50996	1288444	5
17351	1300192	5
18025	1300192	5
534251	1300192	5
60485	1307145	5
51173	1269166	2
83220	1195558	5
125405	1195558	4
102675	1195558	5
32135	1195558	5
540959	1195558	5
35157	1285997	2
49774	1301355	5
74613	1300698	1
30688	1226914	1
542557	1205739	3
73217	1276660	4
74174	1250390	4
8751	1312388	5
22800	1300227	2
1788	1313450	5
273150	1336562	4
519513	1252956	4
21097	1282556	4
18031	1191950	4
52921	1300587	4
536406	1196272	5
64071	1295507	5
13473	1219577	5
88478	1286403	4
28273	1223613	5
199299	1236185	4
80478	1312206	4
18274	1312206	5
1426	1290422	4
13222	1228450	4
63634	1228450	5
373187	1228450	5
54498	1228450	5
60485	1265019	4
5196	1265019	4
35157	1226814	4
136443	1186620	5
39236	1186620	4
297491	1186620	5
157420	1186620	5
380942	1298947	4
18031	1234174	5
45313	1307762	3
16693	1262884	3
116222	1302394	5
58904	1302394	4
28687	1319645	4
181265	1319645	1
192307	1312388	4
361749	1309317	5
45313	1309317	4
3803	1223709	5
204503	1223709	4
514005	1195558	5
522263	1195558	3
520961	1195558	3
522626	1195558	4
202620	1195558	4
65445	1195558	4
370905	1267400	4
132398	1191374	5
524376	1230394	3
239546	1300698	4
168311	1319206	4
517408	1229443	4
51778	1305404	5
1426	1294051	5
60485	1206455	4
192094	1260179	4
132398	1260179	5
5196	1305912	5
28273	1305912	2
540926	1220036	5
14361	1305912	3
358782	1305912	5
52921	1203925	4
39183	1203925	5
109225	1203925	4
520031	1284267	5
60390	1310356	2
25592	1310356	2
292107	1310356	2
51000	1316277	3
25592	1188387	3
90612	1272279	2
54774	1252956	5
280286	1252956	5
125354	1243801	4
26644	1318229	4
25507	1303620	4
171827	1330093	5
549808	1330093	5
468184	1330093	5
526419	1317316	5
175548	1265923	4
80478	1276632	5
52921	1331702	4
77872	1331702	5
22800	1203875	4
110146	1203875	4
437881	1301053	4
530772	1224057	5
88130	1312206	5
10052	1312206	5
116113	1308422	4
245222	1234929	4
25866	1294557	5
1426	1228450	3
5208	1252270	5
6179	1241357	3
539986	1247435	3
369325	1306969	3
439713	1306969	4
112365	1306969	3
522640	1227570	4
204503	1260840	5
31609	1216851	4
73217	1293392	3
18031	1270455	5
10805	1259100	1
107806	1216851	3
6179	1183657	3
1788	1313076	5
206445	1313076	5
291235	1300698	4
535229	1300698	1
171827	1237189	2
534325	1195558	5
520498	1195558	5
182206	1195558	5
110491	1195558	5
60581	1216851	4
298624	1334576	4
136443	1334576	4
52921	1334576	4
439547	1216851	3
202904	1216851	5
132398	1287934	5
225681	1215278	4
50996	1215278	4
41344	1224326	2
58904	1229631	2
75596	1304407	5
52921	1230148	3
61513	1315177	4
277349	1303239	5
75448	1216851	4
277834	1287529	5
151639	1303620	2
519694	1215282	5
455421	1280907	4
204503	1203223	4
171827	1203223	5
33678	1203223	4
525299	1279106	4
22453	1215081	5
30688	1215081	2
7822	1252270	4
83609	1252270	4
521384	1216851	4
29610	1308890	4
574378	1260840	5
77872	1260840	5
14361	1336855	5
204503	1254102	4
38905	1254102	4
20963	1288753	2
64071	1231535	2
362550	1231535	3
16693	1243169	3
157420	1258669	5
64034	1333608	3
10805	1334451	5
5142	1334451	4
116222	1222039	4
131758	1287061	4
3803	1291305	5
64071	1291305	5
116570	1196300	4
10805	1303273	4
16693	1303273	4
39595	1303273	3
83220	1197704	4
30688	1236643	5
29610	1262527	5
20963	1299622	2
20963	1194716	2
64034	1207719	3
125354	1280655	5
45372	1246501	3
572581	1256305	5
80747	1224701	5
64071	1313467	2
347817	1205097	5
356035	1205097	5
60583	1227856	4
1788	1209385	4
225681	1197890	3
52921	1333761	5
338168	1333761	5
64071	1333761	5
186238	1333761	5
195042	1268669	5
66380	1279106	4
3803	1312530	4
298775	1312530	5
70335	1265988	5
64071	1183458	4
554338	1287260	5
252307	1265999	4
582157	1252270	4
88130	1194034	3
64034	1338476	1
10805	1333442	2
553291	1333442	1
16693	1333442	2
70335	1313946	5
167128	1216851	3
50996	1235564	3
162575	1300227	4
60146	1281140	4
64034	1281140	4
52410	1296839	5
122968	1286435	5
58904	1299581	3
453985	1230389	5
72095	1230673	4
10805	1308575	2
14361	1308575	2
2181	1205097	3
573109	1195558	4
326387	1195558	4
88130	1195558	5
380942	1232056	4
459146	1337832	1
19204	1337832	4
6175	1203737	4
158256	1328150	3
362550	1333761	4
45313	1283425	4
64071	1256624	4
13786	1339384	5
97830	1339384	3
288430	1192513	2
141268	1325155	3
49808	1252270	5
49774	1296839	5
566678	1296839	5
38905	1309520	4
438557	1309520	5
17486	1186714	3
52410	1291669	4
33678	1304346	5
64071	1304346	4
77872	1304346	5
576412	1304346	4
560260	1267924	1
60146	1267924	5
64071	1312968	4
264694	1301912	4
39183	1287739	3
83609	1270882	5
536406	1223115	4
125354	1184788	3
74174	1184788	1
256028	1242063	5
36061	1292073	1
397225	1287803	3
28273	1273991	1
74174	1273991	1
103747	1277569	1
136443	1277569	3
298775	1277569	5
468184	1277569	4
83220	1219577	4
35157	1253742	4
162210	1220329	5
64071	1219761	4
130487	1197704	4
573645	1191891	4
159734	1248661	4
38905	1210037	4
64071	1210037	4
103747	1210037	5
561841	1231661	5
66380	1208668	5
13993	1199158	3
554647	1234929	5
16116	1234929	2
25507	1334121	4
1788	1337832	5
161271	1285912	5
52921	1285912	4
39194	1285912	5
432729	1285912	3
89970	1285912	3
311027	1307232	4
570593	1195558	3
298582	1195558	5
580948	1195558	3
3803	1237469	4
64071	1237469	5
35157	1291286	4
553615	1258100	5
566649	1216737	5
64034	1189321	5
1788	1218831	5
76449	1311841	4
30688	1241749	4
14361	1294754	5
93184	1277508	4
520961	1186348	4
17351	1212767	4
2181	1212767	2
25507	1257284	5
503404	1328150	1
17352	1328150	3
5208	1328150	1
11599	1312056	2
225681	1312056	4
18031	1233097	2
569610	1230184	5
25507	1310229	5
45372	1290344	4
56746	1290344	5
413421	1252270	1
298775	1281382	4
64071	1281382	4
52921	1281382	4
14361	1313147	4
16693	1212576	4
21866	1307067	5
125354	1281980	4
28687	1281980	3
417227	1270760	4
481201	1270760	4
53297	1216817	4
116570	1194666	5
583000	1197704	4
32135	1219577	5
116222	1286229	4
194772	1286229	4
590432	1322679	3
565545	1323432	5
576221	1262726	1
5142	1339083	3
5196	1338116	2
192094	1232860	4
5196	1267431	1
10805	1199498	5
60485	1199498	3
29610	1260804	4
3803	1258519	4
182206	1267916	4
485024	1267916	5
584361	1195558	1
579156	1195558	2
63634	1186348	4
21979	1299809	3
48416	1330408	4
594313	1197054	5
367720	1197054	1
35157	1263256	4
57715	1279605	4
35157	1279605	4
18031	1308777	4
17351	1308777	5
277650	1190456	4
1	1187768	3
328406	1195509	4
22800	1272106	3
110146	1272106	3
51173	1308551	4
5196	1324350	2
6179	1259984	4
6179	1270882	3
318251	1270882	3
74174	1333615	3
130179	1245002	5
64034	1210643	3
38905	1286187	5
11636	1191074	4
601395	1261628	5
51778	1210375	1
16693	1262912	4
10381	1332561	4
22800	1336338	3
113446	1336338	3
84084	1336338	4
16116	1336338	1
592836	1336338	4
87888	1219577	4
1788	1232045	5
1788	1285980	4
73217	1285980	5
14361	1199498	4
67101	1199498	5
16693	1199498	5
57715	1315871	4
64071	1268606	3
3803	1310184	4
55456	1336036	4
16116	1195558	5
610669	1195558	4
594791	1195558	5
610950	1195558	4
361749	1265576	4
10805	1265490	5
508493	1331588	5
225681	1269119	4
17351	1278249	4
60581	1278249	1
98378	1252270	5
51018	1262912	5
596707	1329416	2
594903	1317439	5
1788	1235524	3
35157	1291242	5
31609	1315988	1
21440	1315988	2
254832	1315988	5
60581	1315988	5
439713	1315988	5
600460	1197704	4
30688	1312660	4
102457	1203686	4
580948	1199999	5
369325	1184109	4
116222	1324550	4
6179	1220316	3
238713	1282648	3
202904	1286691	5
125354	1290719	4
30688	1290719	4
605458	1214549	4
64034	1316639	4
5142	1218428	4
3803	1184267	4
11636	1258398	3
49808	1320226	5
437699	1245003	5
245222	1252270	4
22800	1252270	4
526419	1252270	5
38905	1195251	4
41344	1214746	4
14361	1214746	4
52921	1323345	5
20963	1322247	2
35157	1206064	4
203249	1320842	5
39183	1320248	3
109225	1320248	5
80478	1270882	5
10805	1202721	3
5142	1327778	5
16693	1327778	4
606907	1306163	5
288430	1332445	4
9322	1332445	4
28687	1238445	4
13	1238445	4
592610	1238445	4
16693	1262866	1
605947	1287737	4
52921	1335484	4
1426	1234929	5
11636	1296230	3
52921	1224081	4
125354	1229746	3
60485	1229746	3
614112	1190249	5
35157	1271776	4
192307	1276306	5
46725	1184109	4
29610	1215972	4
164536	1252270	3
6179	1252270	4
370905	1282648	4
592836	1195558	4
407192	1316869	4
16693	1300552	4
51173	1300552	4
125354	1263835	4
22453	1263835	4
74174	1207252	4
608911	1319950	4
620216	1267524	4
110460	1228342	5
142166	1228342	2
71665	1202558	5
166453	1278859	1
370905	1222120	5
22681	1265490	5
286828	1265490	5
30688	1308213	5
111834	1252357	5
60583	1191597	2
484428	1194142	4
110146	1194668	1
83609	1312449	3
22800	1312449	4
25447	1312449	5
1426	1312449	5
45313	1209496	3
64071	1252708	4
332783	1301269	5
110146	1184109	5
60146	1287737	5
18031	1287737	4
120121	1287737	5
18025	1287737	5
116222	1244574	5
194772	1244574	5
10805	1300394	5
35157	1290021	4
18071	1314051	3
10805	1247225	4
16693	1247225	4
14361	1202619	4
64071	1237942	3
24783	1299175	5
111834	1264672	4
45313	1319950	4
642647	1228342	5
580948	1252270	4
664417	1215332	1
57715	1302581	2
5142	1262009	3
41344	1324784	3
286848	1201071	5
51018	1201071	5
83658	1184690	4
201190	1270882	5
659646	1322617	4
65567	1317893	4
3803	1230120	4
594903	1230120	3
57482	1230120	4
329735	1251081	3
1788	1251081	5
72082	1251081	4
60485	1309915	5
667057	1287878	1
387632	1287878	3
158513	1229807	5
668001	1184109	1
11599	1297099	2
60338	1190249	4
459146	1190249	5
70510	1190249	4
467223	1190249	1
45372	1190249	5
83220	1310735	5
1788	1248678	2
264750	1300463	3
110146	1283698	4
159734	1240196	3
650103	1304770	5
651155	1219577	4
51173	1290670	4
125354	1232920	3
35157	1327933	3
20963	1327933	2
659122	1287737	3
64034	1287737	5
21866	1270559	5
22681	1270559	5
35157	1202056	4
446867	1314051	4
194772	1218378	4
116222	1218378	4
225681	1185022	5
636457	1252270	3
51000	1337242	1
375237	1322962	4
83658	1322962	2
23462	1208329	3
644815	1332539	5
517073	1332539	4
877	1332539	4
663260	1208329	5
5208	1208329	4
21097	1292243	3
481159	1310735	5
21637	1208329	3
103686	1267916	3
74174	1209496	1
413421	1208329	5
661483	1208329	5
662417	1208329	5
485024	1208329	5
6179	1310535	3
47935	1208329	4
60581	1208329	4
9322	1187570	5
5208	1270882	4
22800	1184690	3
373187	1208329	5
162210	1280141	5
110146	1316811	4
650921	1208329	5
132398	1297099	4
633675	1283698	4
320111	1304770	4
403029	1240196	2
64034	1240196	4
195042	1262598	5
660304	1292072	5
73217	1190249	3
64071	1248319	4
107937	1205450	3
215639	1205450	5
66380	1282201	5
534251	1236461	4
286848	1300394	1
328603	1279692	4
29442	1195510	5
22800	1228800	4
468184	1198637	4
525299	1300062	4
164887	1300062	4
35989	1300062	5
64034	1199454	5
88478	1281248	3
163255	1269484	5
35157	1217872	4
102457	1201839	4
50996	1220271	5
664084	1293498	5
72854	1293498	5
413421	1310535	4
484428	1310535	4
207127	1310535	4
60146	1188611	4
10805	1274966	4
63634	1201039	3
60583	1253318	4
31725	1214554	4
5196	1277139	3
24252	1252270	4
75516	1252270	1
5208	1227982	3
4970	1227982	4
580883	1227982	4
47561	1227982	5
1426	1227982	5
110146	1247930	4
39537	1247930	4
236960	1194191	5
60581	1194191	5
11636	1200249	4
662813	1281111	4
51173	1238730	4
206445	1206073	4
449846	1270882	5
88130	1270882	3
5142	1334323	3
328406	1189076	3
590432	1189076	3
52086	1328889	2
46741	1328889	5
95387	1328889	4
46852	1298357	5
663576	1322962	1
48416	1322962	2
18274	1322962	4
60485	1326492	4
14361	1328831	5
590432	1283618	2
470682	1283618	4
534251	1238029	2
52073	1210822	5
18031	1204830	3
125354	1203175	3
605947	1314219	5
76590	1296690	3
18031	1312096	1
534251	1325699	1
30688	1210111	5
10805	1189436	4
6179	1189436	4
60581	1253024	2
116113	1336718	2
64071	1336718	4
10805	1220091	5
238713	1271680	4
286848	1259526	1
337639	1247635	1
298775	1247635	3
646628	1310535	5
75448	1310535	4
373853	1195918	5
285915	1335289	4
260139	1271564	5
651445	1287751	3
5142	1186360	2
657004	1187513	5
662813	1187513	5
58904	1238975	4
64071	1238975	4
306067	1265490	4
657740	1274966	5
489857	1252270	4
514225	1252270	4
651730	1334941	5
60485	1265006	4
10805	1265006	4
52921	1283257	4
1835	1270882	5
22681	1228529	5
30688	1228529	5
285915	1202048	5
39595	1204837	2
51173	1325002	5
291619	1300227	4
16693	1277784	4
74174	1309915	4
10805	1243077	4
23553	1304690	4
14361	1188398	4
280286	1307228	5
23553	1272077	1
10805	1304156	5
51000	1215838	2
21097	1272950	3
95387	1243307	5
252307	1245544	3
387444	1245544	4
26644	1270245	5
18031	1273526	3
60485	1334172	3
51000	1294249	3
18031	1271803	4
225681	1194035	5
166118	1324199	5
40928	1184690	1
455421	1275347	5
21866	1215284	1
125354	1236385	5
52921	1283921	5
73217	1242391	4
60390	1277867	5
1426	1270882	5
570593	1285677	5
64034	1312096	3
348080	1313080	5
164887	1219563	4
6179	1313080	3
23553	1222705	1
4458	1211348	3
21866	1304156	4
660929	1267916	4
64071	1185154	4
38028	1300878	4
133433	1322962	3
4970	1242554	4
14361	1213489	3
703544	1204963	4
680155	1210822	4
161271	1251699	5
52921	1251699	4
21097	1188022	4
45372	1188022	3
20963	1277741	2
414547	1304690	4
168005	1272950	4
679372	1254312	5
66932	1337889	3
353929	1288606	4
554647	1251331	3
82903	1251331	4
51173	1263643	4
578711	1187679	4
102457	1244510	2
651445	1315653	3
525299	1315653	2
404274	1315653	1
52921	1315653	3
474444	1315653	5
554338	1286454	5
230308	1299194	4
252307	1252165	4
175391	1314219	5
703979	1314219	4
64034	1314219	4
120121	1213858	5
60146	1213858	1
18031	1213858	4
57715	1201190	4
93184	1230432	1
688124	1237335	1
439713	1237335	3
119823	1237335	3
1426	1237335	4
413421	1322962	4
24252	1322962	3
18274	1227928	3
23462	1227928	3
554647	1227928	4
110491	1227928	3
34811	1227928	4
373187	1227928	1
1788	1272950	5
417415	1255141	5
200514	1297565	5
64034	1221573	3
69875	1251331	4
95387	1223993	5
25866	1274966	5
5208	1308875	2
16116	1308875	4
1426	1308875	2
41344	1229408	4
18071	1229408	4
657004	1186680	3
64071	1311934	2
708748	1288635	5
651445	1288635	3
252307	1212051	5
441	1227928	5
175307	1227928	4
115071	1227928	4
83658	1227928	4
60581	1227928	5
673792	1227928	3
519201	1227928	4
376399	1283101	3
49696	1265490	5
161935	1222464	3
45372	1255141	5
1788	1255141	5
22800	1223202	4
243864	1310735	3
706175	1315653	4
433204	1315653	3
18025	1269486	4
64034	1269486	4
691113	1204323	5
437881	1288902	4
678832	1184690	5
49774	1186328	4
685899	1324199	5
1788	1324199	4
10805	1237610	1
5208	1237610	5
181265	1237610	3
65567	1313524	3
172205	1252270	5
2158	1274266	4
692729	1210252	4
38905	1325613	3
298624	1199949	4
351028	1199949	4
298775	1199949	4
676287	1199949	5
39183	1199949	4
64071	1199949	4
4570	1287174	5
673623	1290348	4
202904	1290348	5
488162	1311347	3
26644	1262855	4
23553	1262855	2
690672	1316974	3
10805	1255631	4
503404	1251331	4
201190	1251331	3
695595	1211679	3
694848	1250746	4
695423	1222867	4
58904	1222867	5
141268	1222867	1
4050	1222867	5
362550	1222867	5
698000	1269910	5
166118	1315680	5
45372	1315680	5
21097	1315680	4
56746	1315680	5
17351	1313900	4
23788	1285677	5
225681	1285677	5
29610	1188081	5
64071	1215897	5
77872	1215897	5
659646	1215897	5
175391	1213858	3
25254	1213858	3
73944	1213858	3
280286	1289545	5
3803	1254443	4
80541	1259992	4
357825	1212608	5
17486	1217544	5
38028	1217544	5
53297	1265490	1
50996	1235735	5
671263	1339090	3
38905	1339090	4
33678	1339090	5
546059	1339090	5
686999	1219577	4
51000	1285914	3
18025	1204695	4
112210	1320603	4
125354	1328164	4
60485	1328164	3
45313	1288633	4
21097	1295436	5
41344	1234366	4
125354	1189478	5
64034	1264907	4
87100	1210252	5
718337	1210252	5
725688	1258301	4
21637	1290348	4
45372	1295436	4
19204	1295436	5
13993	1222773	4
404738	1224018	4
13	1241888	4
4970	1250544	4
71456	1250544	3
385494	1274056	5
281260	1250746	5
35157	1233744	2
20963	1233744	3
39537	1197540	4
218657	1252270	4
664084	1324430	3
75516	1221939	4
743178	1214837	5
14361	1237610	3
437881	1237610	2
52921	1272739	5
710074	1205973	5
239253	1219577	5
405298	1219577	3
120121	1280754	5
60581	1187131	5
47637	1187131	3
25592	1266289	4
17351	1184690	5
64034	1278742	2
73217	1241389	4
721333	1210252	5
394493	1305885	5
125354	1200918	4
80855	1290348	3
489857	1290348	4
38905	1211569	4
64071	1211569	4
717518	1250544	4
1426	1300904	5
260139	1309965	5
201009	1322962	2
49808	1322962	5
218294	1286691	4
60485	1193073	5
686999	1208447	5
10805	1187232	5
10805	1194968	4
14361	1194968	4
57715	1271701	4
52410	1315680	5
215639	1315680	3
18025	1326561	5
676287	1206379	3
171827	1206379	5
354626	1206379	3
549808	1206379	4
40552	1258301	4
88478	1258301	4
742494	1193479	5
370786	1326756	5
716009	1326756	5
6179	1278860	4
18025	1305885	5
73944	1305885	5
64034	1305885	5
45313	1187920	4
39595	1187920	4
60390	1276807	4
45313	1293326	4
252307	1201947	4
52921	1205048	4
239253	1210252	5
110146	1223202	4
10805	1252720	4
102675	1252720	5
22681	1200918	3
584816	1337854	4
22681	1185525	1
51625	1184690	4
45372	1222327	4
606907	1249935	5
378619	1293780	3
22800	1293780	2
360487	1338488	2
6179	1266707	3
2181	1288970	4
103096	1273738	5
75596	1206358	4
132398	1206358	4
353929	1214496	5
25866	1183661	4
252307	1291182	2
1426	1285677	5
110146	1278860	3
20963	1274945	2
720506	1323040	3
1426	1323040	1
64071	1190779	3
5196	1295587	4
29442	1310774	3
33678	1310774	4
438164	1267916	4
74174	1234366	2
1370	1184690	3
114192	1184690	1
80855	1184690	1
10805	1257056	5
244420	1257056	5
716304	1221480	5
88130	1192944	5
110146	1293780	2
720014	1286691	4
52921	1204974	4
5142	1328956	4
515098	1328956	3
39236	1220559	4
171827	1220559	4
21866	1329055	5
35157	1225263	3
224291	1193479	5
84084	1193479	5
35157	1255335	4
25447	1322962	4
46852	1212283	4
10805	1299780	5
447328	1183822	2
1788	1250178	4
727508	1320354	5
49808	1287512	5
45771	1325847	5
131546	1291182	5
74174	1298911	3
373684	1225172	5
733054	1221480	5
39236	1207167	3
1835	1184690	2
48416	1306209	1
712044	1185525	5
99591	1237361	4
286848	1328956	4
16693	1328956	4
760124	1322962	5
39537	1309119	3
25254	1282494	3
64034	1282494	3
28214	1279046	5
405298	1278860	3
125354	1311986	4
60485	1311986	4
45313	1311986	4
22453	1311986	4
775156	1311986	5
10805	1311986	3
279441	1237016	4
22453	1210996	5
28687	1279256	5
470682	1277715	4
5142	1338854	3
580948	1204962	4
25507	1230265	5
100708	1275090	4
182206	1235608	4
64071	1310864	2
1426	1184690	2
14361	1241061	3
45313	1241061	3
74174	1241061	5
678832	1322962	4
17352	1322962	4
125354	1303283	4
6175	1257056	5
752575	1257056	4
1788	1228949	3
6175	1266462	4
441	1290348	2
25254	1207404	3
360487	1239266	4
112210	1328956	4
130179	1306209	4
21097	1227027	4
192094	1319596	3
64034	1280909	3
51018	1203596	5
51173	1203596	5
60485	1316898	3
45372	1285756	5
56746	1285756	5
103686	1290348	4
16755	1290239	5
18031	1289569	2
45313	1338854	4
81995	1225989	4
16693	1225989	4
22800	1230608	3
110146	1230608	4
116570	1189514	2
18025	1207404	3
31725	1289525	5
1788	1289525	5
357913	1205738	4
718337	1205738	3
360487	1245741	3
22681	1242218	4
125354	1338014	3
18274	1228310	4
749963	1228310	5
30688	1302272	3
18031	1254128	2
39595	1193139	4
19204	1218238	4
773684	1218238	5
1788	1218238	5
125354	1264476	4
35157	1241692	5
80855	1210825	4
1426	1210825	4
125354	1198405	3
47935	1290348	5
55880	1290348	3
752020	1290348	5
22453	1194950	1
81995	1194950	1
750935	1329564	3
99538	1215460	2
29610	1313881	5
31725	1325757	4
175307	1322962	5
35157	1320105	3
46725	1273055	5
21440	1273055	3
168005	1194516	4
1788	1194516	5
23788	1319660	4
298624	1249234	5
297491	1249234	4
752575	1252270	4
116222	1263942	4
298624	1263942	5
204503	1263942	3
39183	1263942	3
273150	1263942	4
41344	1193139	4
18025	1311698	5
776252	1311698	5
605947	1311698	4
73944	1311698	4
64034	1311698	4
3803	1332113	5
298775	1332113	5
64071	1332113	5
41344	1190176	2
765048	1189174	5
286848	1276431	4
60583	1190246	4
783692	1317485	1
28273	1266266	4
5142	1266266	5
22453	1185861	1
39595	1185861	1
133433	1273055	4
339009	1263942	4
74174	1254853	2
783838	1237127	4
757838	1237127	5
760073	1252270	3
678832	1252270	4
34867	1237192	5
21866	1332438	4
73217	1193139	5
64071	1249234	4
785504	1249234	5
77872	1249234	4
70335	1190176	4
64034	1220179	4
773156	1332409	2
51000	1332409	4
19637	1208536	4
10805	1271785	4
58904	1277797	5
21979	1277797	4
161935	1290727	4
46725	1255430	4
554647	1286691	5
46133	1273055	5
236960	1273055	4
10052	1317485	3
71665	1281774	3
439713	1290348	5
54416	1235608	3
279867	1246220	5
9322	1282246	5
102644	1282246	5
74613	1252270	4
64071	1296240	3
20963	1242390	2
102675	1308679	5
45313	1228310	3
376468	1228310	4
774351	1228310	5
41386	1256601	4
519694	1261828	4
756228	1273055	4
83609	1273055	4
762654	1273055	5
750534	1273055	5
584361	1273055	4
10805	1222565	4
770982	1317485	2
125354	1286856	4
10805	1286856	4
60485	1286856	3
759412	1219836	5
35157	1265669	4
252307	1282246	5
5208	1255430	3
756228	1255430	4
110146	1275326	3
87888	1312775	4
1788	1279046	5
20963	1268685	4
46741	1256601	3
52187	1256601	4
51778	1256601	3
455499	1252270	5
355662	1252270	5
28273	1251986	4
60581	1317485	5
1426	1317485	4
18025	1297554	1
83609	1329564	4
95387	1290348	4
365041	1290348	4
119823	1290348	4
16693	1286856	4
877	1211698	5
5196	1290796	5
65567	1229050	3
152741	1265669	5
73944	1221738	5
793468	1306434	4
10805	1306434	3
254832	1237127	4
91056	1237127	2
806393	1237127	4
112210	1288333	3
670351	1213978	5
5208	1273055	5
49774	1228432	4
88415	1251665	4
362217	1322962	4
42797	1322962	3
39595	1322962	3
28687	1222565	5
4970	1320621	5
285915	1336832	4
18031	1312244	4
31961	1310736	4
14361	1308679	5
16693	1308679	5
22800	1306683	3
34867	1251020	5
25592	1251020	5
52921	1304074	4
45372	1308765	4
125354	1252353	5
55456	1216705	3
282282	1252270	4
5208	1264458	2
21097	1307897	1
1788	1307897	3
610669	1208536	3
41386	1208536	4
8751	1295260	4
30688	1229050	3
679372	1251665	4
605947	1213978	5
64034	1213978	5
11599	1320692	2
64034	1303361	3
206445	1228432	5
25447	1290348	4
44065	1290348	4
580948	1290348	4
169286	1205452	4
580948	1318018	4
6179	1318018	3
752020	1318018	3
801936	1310736	3
35157	1312083	4
6179	1256601	4
791894	1252270	4
112210	1236904	5
172205	1290348	4
817231	1333049	4
17351	1201393	5
18031	1201393	4
102675	1252353	4
795713	1290796	4
64034	1237537	4
3803	1320330	5
16693	1271785	4
103686	1224668	4
678832	1224668	5
581019	1280925	5
605947	1205452	4
18025	1205452	4
111116	1255430	4
250357	1255430	4
80478	1273055	4
394493	1199418	3
175391	1199418	3
375404	1199418	2
64034	1199418	4
22800	1252487	5
51000	1290989	2
110146	1248453	2
817298	1244310	5
808879	1271847	4
49040	1274020	4
219004	1252270	4
158513	1252270	5
793601	1321726	5
81995	1246185	3
63634	1320621	5
35157	1200433	5
25592	1219623	5
72082	1219623	5
51625	1187090	3
16693	1187090	3
806537	1292394	4
22800	1327484	3
375420	1327484	2
5142	1294278	2
807350	1338374	5
45453	1268691	4
66932	1291023	5
817121	1273055	5
318251	1273055	5
669512	1302005	1
45313	1202482	4
10052	1286691	4
441	1251665	4
110146	1196463	4
821180	1204131	4
760124	1224668	3
6179	1224668	3
10805	1275118	4
10805	1323372	5
815201	1290989	2
432921	1218750	4
16693	1220091	3
488162	1220091	4
11599	1287319	4
752575	1222313	4
794238	1273738	5
103096	1273055	5
40928	1329879	1
18025	1307874	4
31961	1252270	4
31609	1252270	5
414547	1187090	3
56746	1316323	5
225681	1338374	4
804815	1312438	4
51173	1306425	4
65567	1294130	5
10805	1294130	3
694848	1279294	5
142166	1327484	5
21866	1312605	5
73217	1271785	5
110146	1252487	5
171827	1218750	3
194772	1218750	3
34867	1268691	5
19204	1268691	4
225681	1287319	4
225681	1296808	3
202620	1312842	4
225681	1309775	5
88130	1252270	4
802779	1252270	3
497537	1252270	4
671595	1204131	1
13993	1327169	4
28687	1327169	3
32675	1327169	1
163255	1242165	5
401801	1242165	5
73217	1324349	3
31725	1316323	3
1788	1316323	3
39183	1235888	5
35157	1262713	4
103686	1264321	4
792134	1264321	4
29610	1279294	5
81995	1210665	5
64034	1306131	4
776252	1307874	2
64034	1307874	3
99538	1251878	4
22800	1318427	4
110146	1318427	4
831805	1280558	3
831178	1228766	3
94175	1228766	4
30194	1237127	5
16693	1273249	5
11599	1233546	3
449367	1218846	4
69875	1296808	4
81336	1296808	5
1426	1296808	5
842104	1247960	2
64034	1262171	5
646628	1273055	4
71456	1273055	4
836175	1329564	5
620216	1211291	5
225681	1331539	5
101554	1309576	4
45313	1276838	4
73944	1276838	3
257226	1276838	4
18274	1278819	1
114077	1327484	3
103686	1274759	3
80855	1274759	3
10052	1285156	5
138666	1329917	5
671002	1251979	5
52921	1251979	4
260139	1300364	5
48416	1219607	4
445384	1188952	4
405298	1255430	2
829725	1336435	2
64034	1313127	4
836605	1193223	3
237210	1219414	5
35157	1219414	5
35157	1193213	4
20963	1193213	4
16116	1237127	3
1426	1322962	3
239253	1322962	4
61416	1285156	5
802779	1285156	3
16116	1285156	1
1426	1285156	5
437881	1218846	4
60581	1264321	1
159734	1184874	5
175307	1290348	5
60581	1290348	3
28273	1300660	5
4458	1273249	3
833647	1219921	2
25592	1219921	3
125354	1337530	3
75448	1201434	5
49696	1309576	4
535229	1237127	4
18274	1193223	3
5208	1193223	1
1370	1268863	5
30688	1334869	5
845941	1252270	4
291044	1252270	5
82354	1260828	3
79453	1298736	1
24252	1329564	5
206445	1266987	5
841957	1300364	3
25866	1274931	5
83609	1288653	4
5142	1294130	3
5196	1280558	2
131758	1288423	4
22681	1273249	3
30688	1286258	5
199299	1203927	3
861701	1316828	3
38905	1308981	4
11636	1308981	4
11636	1289575	5
116222	1289575	1
353929	1289575	1
52921	1289575	5
380942	1252487	4
93184	1252270	5
404738	1252270	5
28273	1290087	4
26644	1290087	4
98378	1193223	5
837608	1193223	5
218018	1193223	5
60485	1285264	4
285371	1294248	5
35157	1212563	4
30688	1201556	4
80855	1193223	4
843552	1267916	5
10805	1337961	3
843858	1329667	5
373055	1273055	5
42797	1184584	2
201190	1184584	5
10805	1294695	4
46852	1294695	5
236960	1294695	4
847279	1294695	5
16693	1294695	2
375420	1318387	4
452892	1334712	4
19051	1334299	2
38905	1261132	3
87100	1252270	4
361749	1295076	4
51000	1334740	4
6179	1334740	3
60146	1266076	5
64034	1266076	5
69875	1290348	2
1426	1237127	4
60485	1247689	4
695595	1329667	4
849085	1273055	4
347817	1273055	4
30238	1273055	5
30554	1294695	3
252750	1294695	4
59618	1264321	4
80855	1264321	4
19204	1328947	4
45372	1328947	4
49774	1328947	4
852290	1306434	3
4458	1306434	5
125354	1306434	4
828967	1312203	5
4436	1220295	4
80855	1252270	5
88415	1252270	4
35157	1236788	4
39595	1301085	4
361749	1204510	4
51000	1276284	4
842104	1305785	4
46741	1233419	3
41344	1233419	4
404738	1290348	4
279441	1338009	4
25447	1193223	4
218018	1260405	5
245222	1273055	4
25447	1273055	5
841939	1273055	1
87100	1273055	4
71594	1300536	4
28687	1219163	3
45313	1219163	2
6026	1274931	5
130179	1338548	4
60581	1231870	5
55570	1240809	5
835195	1258729	5
835938	1240779	3
50996	1240779	2
182206	1209642	5
29610	1205300	3
16693	1312605	4
81995	1312605	5
131574	1310725	5
114232	1244668	4
5196	1185071	4
49808	1233421	5
33742	1318387	4
4436	1268691	5
49774	1268691	5
57715	1237750	4
646628	1300536	5
218018	1299230	5
83609	1233419	3
698000	1233419	3
842636	1273055	5
846719	1273055	5
850145	1273055	3
60485	1290087	4
181265	1290087	3
40552	1276284	1
22800	1229908	4
32135	1229908	4
847063	1229908	5
858214	1196590	4
73217	1205718	3
16693	1274931	5
125354	1316674	3
51778	1223640	5
770982	1223640	4
57715	1327774	5
6179	1259538	4
770982	1264321	4
84038	1264321	3
1426	1264321	4
64034	1329702	2
73217	1294130	5
414547	1294130	4
28273	1279995	5
23553	1277206	5
41017	1285874	5
605947	1184874	5
320111	1252270	4
110146	1318387	4
8312	1204657	5
18025	1204657	4
125354	1290087	2
280286	1331360	4
870365	1331360	4
869927	1290087	5
29442	1273722	4
74174	1336280	3
231125	1233419	4
99335	1233419	5
869610	1316418	5
835195	1273055	4
206224	1273055	4
42008	1186162	5
182206	1276284	5
4458	1222313	4
224291	1193223	3
32135	1193223	4
760124	1229908	5
83220	1324369	4
16693	1288692	2
1426	1252270	5
285371	1252270	5
111281	1259538	4
889342	1291879	1
717518	1291879	4
45313	1290087	4
64034	1241438	3
224291	1318387	4
84038	1290348	1
1426	1290348	3
22800	1305422	2
73217	1285828	3
897863	1233419	4
25592	1317733	4
49774	1317733	5
57715	1208765	2
262177	1296711	4
725688	1337483	5
21097	1299969	2
1788	1299969	4
17351	1264843	4
93184	1274759	4
102675	1333890	4
56611	1337961	5
45313	1337961	4
28687	1337961	4
369973	1313604	3
51000	1255198	3
64034	1310725	4
158256	1194262	3
51173	1276187	3
279441	1226325	3
280286	1196590	4
30688	1307526	5
74174	1290087	4
10805	1319016	1
10805	1296398	3
385494	1288692	5
361749	1288692	4
17351	1329879	4
14361	1191903	3
320111	1318387	4
92599	1222793	4
34867	1321005	5
614563	1276284	4
481159	1209642	4
286848	1270421	4
38905	1261772	4
39236	1261772	4
52921	1261772	4
30688	1279995	5
636457	1194262	2
5208	1337961	4
161409	1294573	5
161271	1254899	3
351809	1254899	5
18025	1184874	5
1788	1306701	5
522640	1203541	5
879536	1321251	4
874627	1273055	5
900280	1273055	5
6179	1273055	4
29610	1270791	4
16693	1191612	4
897863	1338682	5
202904	1338682	5
16693	1319016	3
225681	1217217	5
110681	1286691	5
238713	1196590	3
12362	1256058	5
175391	1307166	4
45313	1337483	5
10805	1304465	5
5142	1242305	4
900104	1263768	1
20963	1224147	2
35157	1224147	3
329721	1239003	4
77872	1261772	5
605947	1301088	4
403029	1301088	5
1426	1193223	5
50996	1201691	5
51000	1184584	5
64034	1184874	5
879536	1184874	5
904613	1280646	4
5142	1294205	3
599363	1288858	4
81336	1336845	4
164536	1338780	4
2181	1262293	2
22681	1294944	5
47935	1273055	4
22800	1338548	2
833647	1228306	4
60390	1228306	5
49040	1228306	5
56746	1228306	5
42797	1227130	5
257226	1222313	3
110681	1222793	2
103686	1222793	4
19051	1236201	3
21440	1338682	4
520961	1338682	5
14361	1227821	5
21097	1213818	3
904070	1225975	5
38905	1225975	3
904995	1225975	5
339009	1225975	5
261709	1225975	3
64034	1298840	3
47935	1233421	4
871434	1233421	2
899479	1276284	5
102675	1310634	4
524376	1196493	3
590432	1334842	4
10805	1297068	3
279441	1188647	4
73217	1294205	5
387444	1189257	4
868419	1294073	4
175307	1338780	5
60583	1338780	4
898077	1283503	4
83609	1338682	3
519694	1328321	4
22681	1316901	4
112210	1316901	3
874311	1337961	4
644182	1227821	3
28687	1206882	3
375237	1194262	3
18031	1284390	5
168005	1268691	4
60581	1273055	3
111116	1273055	3
51778	1190298	1
30688	1191612	4
449367	1277170	5
605947	1195423	3
46852	1310634	5
73217	1310634	4
102675	1222793	4
142166	1222793	1
60581	1222793	5
173717	1338682	5
237000	1203541	5
442566	1332022	5
31961	1250307	5
872326	1258729	5
330511	1280646	4
886574	1206014	5
8751	1210965	5
18274	1301961	4
22681	1242305	4
16693	1242305	5
11599	1278501	3
252307	1190800	4
32675	1306434	1
91056	1228306	4
19204	1228306	5
9310	1228306	5
447689	1212714	1
21097	1299968	5
25592	1299968	4
52410	1276944	3
50121	1194262	3
74613	1194262	4
43420	1194262	1
286848	1228154	4
18071	1324369	4
311698	1285068	4
3803	1285068	4
437699	1285068	4
39183	1285068	5
64071	1285068	4
5196	1192070	1
23553	1294073	5
75710	1294073	4
10805	1188413	4
333250	1338682	4
442552	1338682	4
369325	1338682	3
876440	1338682	4
64034	1249615	3
33678	1278066	4
51018	1264182	4
35157	1328216	2
175307	1273055	5
55674	1273055	5
18031	1284985	4
17351	1338780	4
484428	1286691	5
22453	1214592	3
73217	1212714	5
477662	1309777	5
1835	1301961	2
168005	1276944	4
206445	1276944	5
479659	1194262	4
13222	1194262	2
55132	1227130	3
900719	1209642	5
83609	1196867	4
51000	1196867	4
110146	1338548	1
50996	1278501	4
244420	1269588	5
80855	1222758	3
34867	1299968	5
1788	1299968	3
55132	1287974	4
875714	1286794	2
28687	1238374	4
30688	1238374	4
387632	1307640	5
22453	1222313	4
752020	1230518	4
45313	1269093	1
20963	1188573	3
18274	1338682	5
18025	1322503	4
330511	1215409	4
4458	1242305	4
414547	1242305	5
5208	1250794	4
4970	1260735	3
103686	1294573	3
73217	1321506	4
40575	1273055	5
207127	1233421	1
909214	1300812	4
42797	1338682	4
279441	1338682	4
164536	1338682	4
25866	1228614	4
35157	1221369	2
279441	1318963	4
95979	1240933	4
79550	1227569	5
17351	1285502	4
10805	1277170	5
6179	1321659	3
45372	1261672	3
30238	1293554	3
30688	1305480	3
1835	1280646	5
72082	1272268	4
286848	1188413	4
25507	1284086	2
46852	1218674	5
125354	1218674	5
916834	1338682	5
103096	1338682	5
21866	1250000	2
60581	1224171	5
161935	1236507	5
30688	1218593	3
667057	1307640	4
205542	1307640	4
60485	1276284	4
924526	1276284	2
16116	1227569	5
285915	1289197	5
46725	1296135	3
21440	1296135	3
51000	1233419	4
60485	1337075	5
161409	1338682	4
40575	1338682	5
29610	1236507	5
16116	1224815	2
920760	1289148	3
45771	1185739	5
60485	1305645	4
8751	1273672	5
46852	1250000	4
167128	1285986	3
60581	1338682	5
59048	1338682	5
573645	1307640	2
110115	1307640	5
330511	1294944	5
71456	1264298	5
64034	1191010	4
608911	1316558	3
52921	1240255	5
169286	1247577	4
375404	1247577	4
925251	1230518	4
6179	1289148	4
18071	1296135	2
16693	1242692	3
795713	1305645	4
318251	1338682	4
47935	1338682	3
213900	1264298	3
231125	1264298	4
514225	1264298	5
95387	1264298	4
80478	1330203	5
60581	1330203	5
286848	1224337	4
60581	1233419	2
9322	1266107	4
31961	1273055	2
497537	1273055	4
17352	1273055	5
17351	1273055	1
107619	1273055	4
73217	1250000	3
38905	1319938	4
447689	1223965	4
411623	1307640	5
16693	1327753	3
942287	1201453	1
801936	1233984	3
158513	1233984	5
5196	1322360	5
87888	1264298	4
243864	1209642	1
34867	1286580	3
72082	1286580	4
60581	1299061	5
244420	1317626	5
360487	1276284	3
35157	1302755	5
102675	1316558	4
18031	1322503	4
80855	1224815	3
1426	1224815	4
4458	1337075	4
446867	1296135	3
51018	1292056	4
446867	1273055	5
5142	1188413	5
910223	1188413	5
911928	1332187	3
46741	1332187	2
779895	1332187	4
717518	1294573	4
23553	1268652	3
122242	1338682	4
74613	1338682	5
175307	1338682	5
148033	1338682	5
103096	1241599	4
757838	1231498	4
87333	1188017	4
110460	1264298	4
927809	1264298	3
45313	1264298	5
921748	1264298	5
10805	1212080	4
125354	1298140	4
935948	1277170	2
64034	1247577	4
76590	1255271	3
281260	1266107	3
131546	1266107	2
144418	1268691	4
125354	1188117	4
87333	1268652	3
4458	1268652	4
5142	1297068	3
45313	1297068	4
11599	1303454	4
749963	1338682	4
387059	1338682	5
925251	1264298	4
281792	1264298	4
80855	1329666	2
362217	1276284	4
22453	1188117	4
39595	1188117	2
35157	1258518	5
45313	1330087	5
21866	1337075	5
18025	1279000	5
926296	1273055	5
39595	1273055	5
375420	1338682	5
30238	1338682	3
10805	1213427	4
41017	1248555	4
238713	1190330	4
52921	1192839	4
14361	1336395	4
125354	1255673	4
87100	1233984	4
16116	1276284	3
917587	1209642	4
56746	1317930	4
51000	1285459	4
703979	1314832	3
46741	1231498	4
927662	1188413	4
46725	1236542	4
110460	1231498	5
110146	1231498	4
916175	1231498	4
222058	1294573	5
75448	1294573	4
60583	1276284	3
673623	1329666	4
202904	1329666	3
13993	1255673	5
2158	1255673	2
159734	1321251	4
49808	1236542	1
46820	1335383	5
930421	1210366	4
815201	1233419	4
9322	1327445	4
22800	1192283	5
60485	1212080	4
329721	1273055	4
112210	1212080	5
22681	1212080	5
299195	1237620	4
41157	1294287	5
130487	1294287	4
646628	1233421	1
678832	1233421	1
107959	1332187	3
605947	1267256	5
25254	1267256	4
52921	1248921	4
73217	1256730	3
966847	1228953	4
852290	1228953	4
164536	1233984	4
967949	1233984	5
175629	1209642	5
5208	1297765	5
31725	1317930	5
206445	1317930	4
10805	1333826	1
63634	1236542	4
162575	1281003	4
35157	1193043	5
61673	1193043	5
605947	1310031	3
111834	1310031	2
38028	1313698	1
116113	1313698	2
1788	1268691	2
40928	1297765	3
42797	1297765	1
53863	1297765	4
164536	1297765	2
91056	1236542	4
8312	1285424	5
534251	1285424	4
60146	1310031	1
948995	1310031	5
18025	1310031	2
10805	1238505	1
252307	1263479	5
964005	1228953	3
175629	1228953	3
948656	1228953	3
163253	1236542	4
605947	1217130	3
64034	1217130	2
356035	1273055	5
84038	1273055	5
51000	1236542	5
142166	1236542	4
5208	1236542	4
497339	1233421	1
447689	1253025	1
1788	1307657	4
10805	1211050	5
968520	1211050	5
51625	1211050	5
46725	1294287	4
45313	1188413	4
130179	1225664	4
73217	1213450	4
30688	1286137	4
14361	1223559	4
886574	1294506	2
60146	1203500	4
13	1233984	4
1426	1231498	5
16116	1281003	4
22453	1246465	4
30688	1246465	4
22800	1244876	4
110146	1244876	4
250357	1260735	4
75756	1320871	4
977908	1329666	3
330511	1329666	5
413421	1329666	3
21866	1238505	5
455421	1238505	5
18031	1310815	4
65567	1311799	5
63634	1233419	4
39595	1233419	4
72095	1263221	4
320111	1233419	2
678832	1233419	3
605947	1244034	4
64034	1244034	4
28214	1227918	3
1426	1273055	3
74174	1211050	4
874311	1298140	4
48416	1332187	3
484428	1286794	4
64034	1203500	4
18025	1291685	4
87333	1292045	5
16693	1264920	4
21412	1269357	1
79550	1233984	4
238713	1330681	2
221407	1286691	2
953967	1246465	1
439713	1329666	3
5142	1322978	5
680060	1238505	5
52921	1206483	3
17351	1273097	4
60581	1238877	4
28687	1333826	2
847279	1333826	3
21097	1248464	4
25739	1248464	3
45372	1248464	4
103686	1298965	3
35157	1307572	3
14361	1307572	1
5208	1210862	3
76590	1269357	5
22800	1269357	3
50996	1261999	5
16693	1212080	3
83220	1294287	3
35157	1315190	4
41157	1271100	2
673623	1271100	1
756228	1271100	3
49774	1248464	4
102457	1314577	5
35989	1203835	5
952677	1333826	3
279441	1285986	2
10052	1228729	3
7822	1332187	5
130487	1332187	3
103686	1320871	3
288430	1259793	5
4458	1200291	2
61416	1294944	4
222058	1246532	5
961968	1246532	4
29610	1238384	2
9322	1238384	5
8751	1263479	5
60581	1197520	5
125354	1190112	4
286848	1293350	5
218294	1271100	3
21412	1248547	5
110146	1189983	1
582157	1332187	3
407192	1328393	5
5196	1321948	5
404738	1286794	3
83658	1228729	4
18071	1228729	4
21637	1206361	4
553291	1278413	5
570593	1293984	5
130179	1210862	3
515972	1210862	1
949653	1194859	5
73217	1194859	4
344056	1282746	4
1788	1333697	4
703979	1296084	4
433204	1323548	5
36061	1323548	5
58904	1323548	4
53863	1332187	4
110146	1192283	5
182206	1289173	3
849085	1329666	3
42797	1329666	1
87100	1294287	4
42838	1284384	4
404274	1285982	4
64034	1263975	4
158513	1287102	2
10805	1245115	3
28687	1245115	4
125354	1245115	4
120121	1296084	5
64034	1296084	5
73944	1296084	4
192094	1206361	4
72095	1206361	4
167128	1289173	5
45313	1289173	1
125354	1188635	4
963182	1320146	4
46725	1320146	4
21440	1320146	3
97830	1320146	5
970638	1320146	4
18071	1320146	3
166118	1240595	5
21097	1240595	4
45372	1240595	4
1426	1289173	3
19051	1298807	3
25592	1322721	2
963213	1322721	5
227068	1332187	4
95387	1284384	4
34414	1284384	1
57715	1324475	1
130179	1307962	4
348080	1287102	4
65445	1286691	4
73217	1195316	4
718337	1337042	5
752575	1329666	2
8312	1184867	5
282885	1276284	4
308513	1276284	3
79449	1210862	5
74174	1243413	1
39236	1226603	5
116222	1226603	3
983206	1226603	5
373684	1226603	5
215639	1240595	4
125354	1306753	4
277364	1294287	4
119823	1294287	5
990357	1332187	3
90612	1271100	2
508493	1243737	4
542092	1320146	4
17351	1321251	5
51000	1228729	4
996337	1188413	4
110146	1269357	3
23788	1233984	5
21866	1310842	4
298775	1257804	3
58904	1257804	3
433204	1257804	3
351028	1257804	2
986883	1257804	2
360487	1293984	3
1006287	1332186	1
26644	1189353	3
74174	1189353	3
79550	1204181	4
225681	1285151	4
815201	1285986	2
996108	1190553	4
298775	1238244	4
204503	1238244	2
298624	1238244	4
351028	1238244	2
273150	1238244	4
195333	1238244	5
785504	1238244	5
5142	1337075	4
717518	1320871	4
35157	1321953	4
31609	1332187	5
13993	1262828	5
171827	1262999	5
447844	1235646	5
115071	1210862	2
229353	1278413	5
678832	1320146	5
990311	1320146	3
512957	1329666	3
6731	1271100	2
222058	1204181	4
54679	1318577	5
60485	1322047	4
358782	1337075	4
67101	1337075	3
140380	1337075	5
205542	1227447	2
51018	1184250	5
9322	1223316	3
236960	1290019	3
41344	1290019	3
73217	1184250	4
51173	1250276	2
438164	1286691	4
20963	1279909	3
441	1320871	4
45372	1337001	3
688124	1329666	3
291235	1337253	4
1426	1210862	5
60485	1240323	3
14361	1263147	4
1017666	1263147	4
6731	1228729	4
25447	1228729	5
1024902	1243737	2
41386	1308972	4
269691	1258480	5
35157	1209869	5
52187	1294287	2
14361	1247732	4
25507	1247732	4
22681	1292471	4
18274	1204181	5
18025	1321251	5
107619	1271100	3
678832	1271100	5
455499	1271100	1
35157	1327549	3
110115	1212264	3
22800	1228311	3
22453	1227447	4
23553	1266569	1
5196	1257965	2
897863	1250276	3
5208	1250207	5
661680	1250207	3
1017283	1293282	5
125354	1208980	5
50121	1339693	4
808879	1339693	1
417227	1223543	3
252307	1223543	4
99222	1290019	5
42838	1329666	4
80855	1225611	5
1426	1225611	3
11599	1210143	2
252307	1223316	4
92599	1320871	4
201190	1320871	4
22800	1226650	3
39595	1337075	5
16693	1270472	4
1017382	1270472	5
35157	1314692	3
30194	1217631	5
992756	1217631	5
64034	1241828	4
25507	1245115	4
74174	1245115	4
952677	1245115	4
464478	1263147	4
8751	1215014	5
35157	1209369	4
182206	1326548	4
285915	1227447	3
73217	1194904	5
60581	1329666	2
1426	1326776	5
1426	1339693	1
1003544	1271100	2
74174	1337075	4
55570	1310842	3
252307	1285930	5
6179	1332187	3
727508	1285986	2
281792	1293282	4
28687	1238485	3
817121	1228311	5
690672	1228311	5
74174	1240323	2
1005019	1294954	4
115071	1250207	5
46741	1251258	2
16693	1267603	3
221407	1217631	5
110146	1217631	5
82354	1303077	1
281260	1320871	3
370905	1223543	5
991623	1223543	4
112210	1270472	4
414547	1292471	3
757550	1326548	3
23788	1195791	5
990187	1293984	5
55132	1293984	5
403029	1199716	4
5196	1208980	3
98378	1294287	4
837608	1294287	5
1007073	1294287	4
66932	1314692	4
240551	1330698	3
470682	1330698	5
73217	1225446	3
18025	1291980	4
990815	1294954	4
446867	1228729	4
74613	1228729	4
238713	1322582	3
64034	1304742	4
70335	1238485	4
19637	1184065	4
5208	1184065	2
10805	1270902	5
252750	1270902	5
222838	1294113	3
51000	1294113	3
1426	1333149	3
6179	1226650	4
30688	1317446	5
102457	1254448	4
22681	1250775	4
205355	1320871	5
990522	1226650	2
51625	1195791	3
439713	1332187	3
87888	1226650	4
394493	1199716	4
739611	1294954	5
517073	1318988	4
1835	1228311	3
60485	1309661	3
10805	1293008	3
70510	1248230	4
45372	1248230	5
125354	1267603	4
439713	1294287	5
989804	1228729	4
60581	1228729	5
897863	1184065	5
83609	1184065	3
95387	1204303	3
74174	1204303	2
84038	1271100	4
103747	1293862	5
1010760	1293862	5
76590	1232050	2
6179	1251258	2
17351	1231912	3
102675	1271955	4
51173	1271955	4
5196	1228585	3
107619	1294954	5
540959	1276284	5
371330	1250729	5
125354	1250729	4
974193	1294954	3
60485	1291755	2
52921	1270529	4
875714	1232050	5
61513	1186653	1
18025	1199716	4
175391	1199716	4
1006818	1199716	4
605947	1199716	5
218018	1326949	5
1	1294287	4
1010786	1294287	4
41344	1286691	3
927809	1286691	5
125347	1322047	5
83658	1227978	4
230308	1244176	3
181265	1293008	3
1426	1228729	5
207127	1228729	4
23462	1278620	3
793468	1323250	5
125354	1306413	5
99591	1286937	5
520031	1188413	4
82354	1223567	4
35157	1223567	5
39537	1278830	4
73217	1188413	5
570593	1278830	3
1426	1320871	5
29610	1292124	5
414073	1338682	4
41344	1338682	4
314517	1271955	3
40552	1232050	5
737758	1294954	4
18031	1233409	2
1016426	1233409	3
39537	1276284	5
357054	1338189	4
42797	1338189	4
6179	1338189	3
5208	1278620	2
370268	1294287	3
139867	1264089	4
18031	1199716	3
45372	1229849	3
459146	1229849	3
22681	1274572	1
95387	1227978	5
83609	1227978	5
441	1227978	4
5208	1227978	5
696106	1227978	4
51000	1227978	5
31961	1232050	4
107650	1232050	1
445663	1192283	5
201190	1338682	4
65445	1338682	5
1058739	1338682	5
201585	1338682	5
483604	1294175	5
52187	1297084	5
797050	1196810	1
870365	1196810	3
141464	1260418	3
201190	1338189	5
47637	1338189	5
35157	1201088	3
6175	1281813	5
111281	1250729	5
45313	1250729	5
162575	1273662	4
51018	1306413	2
64981	1293282	4
110146	1278310	4
1426	1338189	5
1053619	1256159	3
45313	1338682	5
376468	1338682	5
446867	1338682	5
45372	1220508	3
56746	1220508	5
49774	1220508	5
11599	1208212	2
64034	1199716	4
158513	1286691	4
51173	1332187	4
454296	1276284	4
52921	1223823	4
28687	1331695	4
48416	1227978	3
318251	1227978	4
25447	1227978	4
760124	1227978	5
661680	1271848	5
46725	1271848	3
21440	1271848	3
360487	1264089	3
192094	1189750	4
376399	1189750	4
765048	1317268	4
935948	1266582	4
96572	1248230	4
1788	1204542	5
6179	1195791	4
2158	1250729	4
678832	1294287	4
1044659	1294287	4
218657	1338682	5
678832	1338682	2
348080	1338682	5
989804	1322038	5
6179	1318029	3
60583	1269962	3
215639	1229849	5
22453	1332187	4
17352	1332187	3
1060858	1332187	1
22453	1291731	2
57715	1316815	4
30238	1291731	5
16116	1223685	1
1055912	1274572	5
175391	1272069	4
80771	1338682	5
1050705	1325716	5
18031	1292517	1
18025	1292517	3
1040257	1297084	5
1032876	1318979	3
59048	1271848	4
290894	1271848	3
102675	1227978	5
17351	1227978	3
167128	1227978	3
31961	1227978	5
497537	1227978	4
112222	1314920	3
1037141	1294287	4
222058	1294287	5
45313	1294287	1
60581	1294287	1
40928	1217142	4
197116	1274087	5
904070	1274087	4
1028141	1331695	3
222058	1227978	5
87888	1227978	4
60146	1272069	3
18025	1213799	2
31609	1294287	5
45771	1188466	5
570593	1188466	5
39595	1294287	4
88415	1294287	5
30554	1224736	4
21097	1291709	5
10052	1188466	1
308513	1227978	4
989804	1227978	4
453985	1227978	4
217339	1227978	4
455499	1227978	5
283990	1227978	5
201190	1227978	3
60581	1227978	5
81995	1270574	2
51173	1270574	3
718337	1294287	5
842104	1190714	4
40122	1188466	5
1035630	1188466	3
842104	1270574	4
45372	1313449	2
78927	1332187	4
294129	1332187	5
264182	1185415	5
60581	1332187	3
39236	1329560	4
269691	1334684	3
1031804	1327486	4
1426	1294287	4
1059110	1306413	5
5196	1306413	4
29610	1190930	4
30688	1193261	5
168005	1248230	5
394688	1332187	3
610851	1291709	5
73217	1291709	4
130179	1223685	4
1370	1223685	3
30688	1224736	4
489857	1286021	4
7822	1286021	4
428580	1286691	5
51173	1338682	5
1426	1184065	4
685061	1281285	4
49774	1277940	3
1028002	1317629	2
21097	1314880	3
19204	1314880	3
281395	1314880	2
18031	1185415	4
21440	1225278	4
454296	1188466	5
14361	1293008	5
5142	1230708	3
1036517	1192608	5
29610	1192608	5
1426	1338682	5
73217	1222653	4
39595	1266339	5
49696	1266339	5
447844	1266339	5
25254	1266339	5
5196	1267171	5
161568	1286021	5
51018	1267699	4
10805	1309094	5
20582	1239569	4
7822	1229732	5
83609	1229732	3
218018	1229732	1
252307	1279023	3
1036289	1222007	4
362217	1299028	5
218018	1216240	5
47637	1216240	5
16116	1216240	4
1426	1227978	5
125354	1267171	5
13	1196367	4
10805	1329072	3
25507	1248368	4
725688	1329072	4
455499	1220877	5
1054864	1271848	3
5208	1271848	4
16693	1284815	2
22800	1225986	4
1788	1248230	5
25254	1256938	4
55570	1256938	4
80747	1286691	5
285371	1293282	5
103096	1217142	3
285915	1197804	4
60583	1225986	4
110146	1225986	3
50996	1186568	5
962	1286691	5
237000	1286691	5
279441	1271848	4
562946	1248230	4
72082	1248230	4
921748	1286021	4
218657	1286021	5
78927	1286021	5
686999	1247253	5
22453	1297987	1
91056	1297084	5
45313	1329072	4
657740	1218281	5
6179	1318931	3
69875	1271848	3
49696	1329072	2
222815	1188378	5
14361	1224307	4
459146	1234270	5
9310	1234270	5
56746	1234270	5
42008	1234270	5
83220	1271848	1
75825	1271848	5
39537	1271848	4
226172	1271848	4
80478	1271848	5
21097	1198061	4
28214	1198061	5
9322	1256060	2
69189	1252622	5
18071	1225278	4
60583	1225278	4
60390	1263899	5
14361	1218281	4
1060892	1279207	2
112222	1279207	4
755585	1279207	4
207267	1186568	3
215639	1234270	1
110146	1247253	5
20963	1242607	3
159734	1301846	3
182206	1286021	4
1051130	1286021	4
646628	1214999	5
360487	1247253	3
125354	1305223	3
10805	1305223	2
26644	1249158	1
900719	1297084	5
22681	1239774	4
1037141	1217142	5
80855	1265421	4
755585	1286021	4
74174	1249158	2
319466	1271848	2
376468	1271848	5
162575	1216770	4
48416	1292577	3
1049418	1292577	1
403029	1204320	5
52921	1337804	4
46725	1213415	5
5208	1213415	2
660438	1222857	5
99591	1224307	5
1038037	1252622	4
111116	1252622	4
372238	1252622	3
455421	1302726	3
239253	1225278	4
413421	1286021	5
326387	1271848	3
413421	1257555	2
7822	1257555	4
99164	1240438	4
64034	1330205	5
60485	1267171	4
111281	1267171	5
35157	1211663	4
1070689	1279207	5
99654	1213415	2
22800	1213415	3
80855	1322038	5
18031	1318829	4
678832	1252622	3
110146	1252622	4
239546	1252622	4
51173	1267171	4
25866	1302726	3
16693	1302726	2
175307	1257555	4
815201	1257555	4
348080	1257555	3
46852	1217614	3
20963	1271702	2
94175	1314920	2
828967	1210646	5
88478	1267171	2
105926	1196368	3
83609	1196368	4
14361	1265905	5
35157	1265905	4
110491	1271848	4
46852	1328539	5
1069466	1222857	5
1086924	1279207	3
5196	1184183	3
132398	1226202	4
318251	1244462	3
6179	1244462	3
279441	1204148	2
46133	1204148	5
10052	1204148	3
139867	1213415	3
103096	1213415	4
1085294	1339953	4
25447	1257555	3
51625	1257555	2
14361	1278131	4
16693	1277926	3
60485	1220701	3
20963	1207468	3
30554	1220701	5
580883	1279207	4
181265	1328352	4
989804	1297084	4
33742	1286021	4
103686	1286021	4
125354	1339460	5
13993	1339460	3
446867	1244462	4
281260	1279516	3
439713	1229732	4
80855	1339680	1
206445	1231860	5
224291	1334145	4
369344	1331482	4
60581	1331482	4
140604	1331482	5
111017	1331482	4
22800	1295413	3
18274	1286021	3
438164	1286021	4
481159	1213415	4
757838	1213415	4
51173	1318564	4
39537	1251282	5
201301	1201033	5
175307	1339680	2
1370	1339680	3
87100	1196368	5
283990	1196368	4
63634	1196368	5
95675	1196368	5
373187	1196368	5
47561	1196368	4
252307	1279516	5
111834	1318829	5
96569	1271848	4
83658	1271848	2
25866	1221184	5
60146	1251245	1
18031	1251245	3
83658	1260346	4
48416	1260346	4
76590	1190752	5
14361	1277154	4
1089435	1259190	5
16755	1184494	3
83609	1260346	5
733187	1293122	4
80855	1292577	1
18274	1271848	5
48416	1271848	3
837608	1271848	1
244420	1330387	5
107959	1318046	4
797050	1198270	4
5208	1286021	4
6179	1286021	4
80855	1286021	5
463469	1196368	1
5208	1196368	5
219490	1196368	5
110460	1196368	2
522626	1196368	4
97480	1196368	4
60485	1294110	4
30688	1294110	3
306067	1328352	4
17351	1251245	3
64034	1251245	5
5208	1297084	5
243864	1297084	5
520498	1297084	5
25254	1322801	1
95387	1308052	5
107806	1271848	3
442552	1271848	4
50121	1271848	3
74613	1271848	3
663576	1223372	4
225667	1279207	3
13	1279207	5
23462	1204132	2
230308	1204132	2
18025	1318829	4
54679	1318829	5
42797	1252622	4
95675	1213415	5
142166	1259190	5
608925	1315697	4
318251	1268983	3
911928	1268983	5
14361	1328352	4
535229	1297084	5
1426	1297084	5
48416	1318046	4
7822	1292577	2
34867	1245329	5
74174	1189011	5
1426	1213415	2
1835	1315697	5
1426	1315697	5
22681	1228741	3
16693	1228741	3
514225	1267886	5
1068800	1318046	4
22800	1318046	3
361749	1328352	4
1098008	1196368	4
636457	1196368	1
202904	1279207	1
80855	1279207	4
489857	1279207	4
168311	1237209	5
22681	1188358	4
201009	1267886	1
16116	1271848	5
59618	1271848	3
95877	1271848	3
5142	1198054	3
974193	1268983	5
32135	1268983	3
30688	1307970	3
5196	1199108	4
1068731	1292577	2
1079303	1279207	4
207168	1279207	4
74174	1188358	3
16693	1185091	4
110681	1264054	4
614563	1268983	4
505095	1318046	3
240551	1195488	4
35157	1261749	5
290894	1264054	3
882248	1318046	5
60581	1318046	4
53922	1189517	4
64071	1228703	4
73217	1214513	5
5142	1276625	3
192094	1187815	5
413421	1268983	4
20963	1276882	3
5208	1223372	3
57715	1190194	2
82354	1190194	3
205234	1255609	4
25592	1255609	4
1788	1242346	5
439713	1264054	2
1007073	1271848	5
225564	1271848	1
99538	1291643	4
10381	1190194	4
12362	1318829	5
73944	1318829	5
51000	1252622	5
49808	1252622	3
6179	1280751	4
198666	1259190	4
60581	1229732	3
111116	1229732	1
720014	1229732	4
132398	1336881	4
207267	1336881	5
215639	1307240	3
56746	1307240	5
489577	1209047	4
369325	1223372	2
662417	1223372	4
794238	1223372	4
911928	1298738	4
192094	1200561	4
149831	1271848	1
224291	1209047	4
39595	1295553	5
348080	1229732	2
112222	1271848	4
16693	1287910	2
141206	1287910	4
38905	1326630	3
759412	1326630	4
109861	1223372	1
71456	1285324	5
60581	1285324	3
522263	1271848	3
958951	1271848	3
358782	1308125	2
46852	1255728	3
10052	1268983	5
80855	1223372	2
5208	1298738	3
18025	1201607	5
192094	1326879	4
55132	1227794	1
179132	1229732	5
404738	1223372	4
31725	1231862	4
20054	1231862	4
990357	1268983	5
114123	1271848	5
58411	1271848	1
175307	1292577	3
1040653	1223372	4
25447	1223372	4
74613	1286021	2
57715	1238782	4
1069294	1247644	4
1088241	1247644	4
93772	1271848	4
142166	1271848	1
61416	1271848	2
1069467	1271848	3
394688	1308052	3
45313	1267886	5
6179	1268983	3
770982	1268983	4
6179	1223372	4
1078365	1287008	5
59048	1287008	2
202904	1287008	4
30688	1279135	4
1089435	1336002	1
14361	1254588	3
45372	1198364	4
318251	1223372	1
175307	1223372	3
60485	1280743	3
26644	1267516	1
74174	1267516	2
202747	1298738	3
87100	1298738	4
348080	1206863	5
198666	1308052	2
1788	1198364	4
16693	1227715	4
1087483	1292577	2
225681	1236833	4
53922	1227715	3
10805	1266095	2
35157	1186764	4
22681	1227715	3
107650	1268983	2
225681	1313050	4
1110353	1313050	2
125354	1266095	4
13993	1266095	4
411623	1266095	4
1133380	1267886	5
70510	1257318	5
4436	1257318	4
31725	1257318	4
11599	1204705	4
990815	1287008	4
1426	1287008	5
50996	1254507	2
11599	1312672	2
6179	1211609	3
794238	1339577	2
5208	1281020	5
201009	1339577	5
42797	1263681	2
39537	1313824	3
46852	1252573	4
22453	1252573	5
996108	1213670	4
252307	1213670	5
387444	1213670	4
50996	1312672	3
948656	1281020	4
142166	1336002	1
219490	1220816	1
218294	1288096	4
28273	1319783	4
10805	1319783	5
39933	1286021	4
927809	1292577	4
60581	1223372	5
10805	1228838	3
22934	1228838	4
376399	1236833	3
95387	1319783	4
125354	1263709	4
22681	1228838	4
21866	1198230	5
1426	1292577	3
80855	1229732	2
23462	1220816	3
38905	1212072	4
52921	1212072	3
432729	1212072	5
64071	1212072	4
39183	1212072	3
50996	1299169	4
573645	1269201	5
112210	1228838	5
358782	1198230	4
20963	1331651	3
23553	1262276	2
5142	1262276	3
133433	1220806	5
651445	1270943	2
157420	1270943	1
124592	1298738	2
990357	1298738	5
1132372	1266228	4
13993	1319783	4
39595	1319783	3
1128722	1265221	4
31725	1265221	4
215639	1265221	5
10805	1227136	5
65567	1228838	5
10805	1291067	4
70335	1262276	4
58904	1218429	5
39236	1218429	3
116222	1218429	4
194772	1218429	5
55674	1229732	4
58402	1273670	3
18071	1220806	3
1031804	1229732	4
1426	1229732	3
1111981	1229732	4
10805	1325416	4
60581	1223881	4
351028	1216287	4
60485	1273670	4
16693	1228838	3
18274	1205029	4
225667	1220806	5
5142	1228838	3
87888	1223372	3
6731	1223372	4
58411	1223372	3
4970	1220816	4
64034	1302776	4
20963	1234673	4
1107409	1251557	5
48416	1334783	3
815201	1223372	4
142166	1223372	4
1117595	1223372	3
5208	1334783	3
83609	1334783	4
57715	1319920	4
107959	1338922	5
158256	1298738	3
76590	1314986	4
360487	1281850	4
205234	1314945	4
80478	1338922	5
6731	1278357	4
110146	1298738	4
1426	1223372	4
17352	1298738	3
355662	1298738	4
292733	1298738	5
755585	1228382	3
566678	1185328	5
841957	1274753	2
237000	1298738	5
361749	1269201	4
51000	1298738	5
10805	1273670	3
411647	1322455	4
29610	1325102	5
130179	1228138	4
4458	1273670	1
103686	1288556	4
219137	1325102	5
161935	1325102	5
488162	1325102	5
765048	1325102	4
64656	1325102	5
54774	1325102	5
21866	1183983	5
194772	1195869	4
620216	1195869	5
570593	1338922	4
111116	1338922	5
752575	1338922	4
1037141	1338922	3
5208	1338922	5
107650	1338922	3
14361	1271427	5
13	1271427	4
49696	1271427	5
21440	1292155	4
51625	1292155	4
45313	1183983	5
25507	1183983	4
60485	1306992	4
1121983	1273670	5
22681	1273670	5
1111756	1273670	4
870365	1328489	3
236960	1213412	4
22934	1307948	3
112210	1306992	5
20963	1225173	2
449367	1317332	5
281792	1213412	4
125354	1317332	5
9322	1261196	1
306067	1228559	5
280286	1261196	5
8751	1261196	2
99164	1273670	4
1118254	1213412	2
91056	1213412	2
16693	1273670	3
1132902	1213412	5
1035630	1213412	3
95675	1213412	4
358782	1273670	5
16693	1307770	4
45313	1307770	4
414547	1307770	3
28214	1232461	5
5142	1238505	5
553291	1335014	5
1137483	1335014	3
1105634	1335014	4
25592	1231434	4
467223	1231434	5
110146	1284838	4
58402	1229715	3
21866	1229715	5
67101	1229715	4
4458	1229715	5
1115720	1200432	5
60485	1200432	5
273889	1314450	5
206445	1265756	4
72082	1265756	3
1105960	1251073	5
369344	1251073	4
254832	1251073	5
963182	1251073	4
17351	1251073	5
775156	1236964	5
103686	1274944	3
1104764	1274944	3
10805	1244038	5
70510	1250471	4
31725	1250471	5
1788	1250471	5
14361	1255372	4
447844	1255372	4
1122169	1300518	5
25592	1194408	4
223651	1188409	4
1111014	1270347	1
882248	1270347	1
441	1270347	3
44065	1270347	1
224291	1270347	3
281790	1270347	3
22800	1251623	2
110146	1251623	2
47637	1251623	4
46852	1248306	5
448679	1218515	5
60485	1218515	4
182206	1218515	4
1123779	1218515	5
376468	1218515	4
286947	1218515	4
5208	1218515	5
18274	1218515	5
1132579	1218515	4
30688	1232869	5
151639	1232869	3
23553	1337699	1
224291	1329666	3
1120945	1329666	3
1426	1329666	1
499608	1329666	3
11599	1285793	2
192094	1285793	4
72095	1285793	4
10805	1261110	5
74174	1261110	1
51000	1220816	2
60581	1220816	2
43420	1220816	3
45313	1220816	3
401565	1220816	3
4570	1220816	4
63634	1220816	3
927809	1220816	4
84038	1220816	3
1426	1220816	4
17351	1333008	5
73944	1333008	5
60485	1327017	3
205234	1290691	4
45372	1290691	4
1135719	1290691	5
42008	1290691	4
149007	1290691	4
206445	1290691	4
72082	1290691	4
23553	1237540	4
186443	1260576	4
18031	1244110	4
64034	1244110	4
14361	1234945	4
60146	1208933	5
64034	1208933	5
488162	1334112	2
125354	1305616	3
31725	1240271	4
111053	1323032	5
76590	1247786	3
22800	1335365	4
378619	1244266	4
110146	1244266	3
35157	1189359	3
16693	1191213	2
806393	1293710	2
109861	1293710	4
98121	1293710	3
149831	1293710	5
59048	1293710	4
836605	1293710	4
59631	1293710	1
445471	1293710	1
60583	1293710	4
963182	1293710	2
42797	1293710	3
83658	1293710	3
97480	1293710	5
198666	1293710	2
291235	1293710	4
31961	1293710	3
69875	1293710	5
105751	1293710	5
5208	1293710	4
41344	1293710	5
50121	1293710	4
1162450	1293710	1
770982	1293710	4
415476	1293710	5
877	1293710	4
83364	1293710	5
542557	1293710	1
225681	1250996	3
7822	1275764	4
6179	1275764	4
224291	1275764	5
61416	1275764	3
80855	1275764	3
1426	1275764	3
51625	1235917	4
454711	1240998	3
64071	1285036	5
582157	1338833	5
413421	1338833	5
318251	1338833	4
1145756	1338833	3
53863	1338833	5
497537	1338833	4
920760	1338833	5
6731	1338833	5
831178	1338833	4
1835	1338833	5
320111	1338833	4
2181	1210623	5
50121	1193713	4
8751	1196189	2
1160500	1196189	2
256028	1196189	4
161935	1267953	4
289187	1267953	5
1152734	1267953	3
20963	1301453	4
35157	1301453	3
28687	1202926	4
83658	1325790	4
756228	1290701	4
83609	1290701	3
125405	1290701	4
17352	1290701	3
17351	1290701	2
18274	1290701	5
107806	1290701	4
133433	1290701	3
1093163	1290701	4
95532	1290701	5
254832	1290701	5
31609	1290701	5
1152990	1290701	4
439713	1290701	4
19051	1290701	5
540959	1290701	5
79177	1290701	4
718337	1290701	5
1170108	1290701	5
60581	1290701	1
237271	1290701	5
93772	1290701	4
359510	1290701	4
1426	1290701	5
288430	1302368	3
103686	1307672	3
1164171	1332187	2
55674	1332187	4
1426	1332187	2
13993	1314512	4
166266	1219891	4
1040257	1219891	5
1148835	1219891	5
90612	1219891	5
917587	1219891	5
32135	1219891	5
1163199	1219891	5
1115720	1297765	5
98121	1297765	5
480643	1297765	5
362217	1297765	5
111116	1297765	5
9625	1297765	5
110491	1297765	3
103096	1227796	2
222058	1227796	3
93184	1297765	3
326387	1297765	1
80855	1297765	5
239253	1297765	4
159734	1254611	4
199299	1254611	4
64034	1254611	4
10805	1309432	5
112210	1309432	3
14361	1309432	5
260139	1309432	4
414547	1309432	4
10805	1322331	5
294129	1322331	4
112210	1322331	5
70335	1322331	5
45313	1322331	4
5142	1322331	5
480643	1322331	4
996337	1322331	4
358782	1322331	4
215639	1322721	5
1788	1322721	3
1153252	1196368	4
55674	1196368	5
359510	1196368	2
1426	1196368	5
580948	1211613	3
81336	1211613	1
217339	1211613	3
82903	1211613	4
434028	1211613	2
1147764	1211613	1
1160028	1211613	4
95387	1272258	4
207127	1322718	5
35157	1219187	4
60581	1260346	5
1426	1260346	2
39595	1283249	5
125347	1332403	4
4436	1290375	2
1788	1290375	4
22681	1227457	3
204503	1326274	3
25592	1199037	4
25592	1195690	2
162575	1222157	4
81995	1228122	3
16693	1228122	4
125354	1258733	5
116113	1230105	4
298775	1230105	5
38028	1230105	5
39183	1230105	4
897863	1221502	5
41157	1221502	5
133433	1221502	5
46725	1221502	5
395710	1221502	3
445471	1221502	5
83609	1221502	5
83220	1221502	5
279441	1221502	4
373976	1221502	4
49808	1221502	5
661680	1221502	5
41344	1221502	5
1166252	1221502	5
1171362	1221502	5
24252	1221502	5
281792	1221502	4
82903	1221502	5
18071	1221502	4
105926	1221502	5
594791	1221502	5
1151604	1221502	4
75448	1221502	4
18101	1221502	5
110491	1221502	3
522626	1221502	5
869610	1221502	5
5208	1221502	5
775558	1221502	5
1370	1221502	5
58411	1221502	5
80855	1221502	5
1153259	1221502	3
364412	1221502	5
1169724	1278620	4
64034	1331324	2
39537	1194523	3
48416	1194523	4
455499	1194523	4
60581	1194523	2
404738	1194523	3
1426	1194523	3
1167336	1309258	4
252307	1293346	3
437881	1313781	4
833647	1188594	5
225681	1188594	4
318251	1192963	5
64071	1326067	4
46133	1294440	5
948901	1294440	4
446867	1294440	4
79550	1294440	2
277364	1294440	3
600460	1294440	5
277349	1294440	2
1005166	1294440	3
580883	1294440	3
1157269	1294440	2
239546	1294440	2
657097	1294440	5
30194	1294440	4
927809	1294440	4
5208	1294440	3
51042	1294440	2
237000	1294440	1
224570	1294440	3
53863	1294440	2
925251	1294440	4
115071	1294440	5
592836	1294440	3
1426	1294440	1
30688	1336056	4
252307	1203092	4
9322	1203092	3
238713	1203092	2
4970	1277642	4
22681	1326712	3
14361	1326712	2
376399	1328339	4
50996	1328339	3
4970	1264202	4
254832	1294211	4
52187	1294211	3
16116	1294211	1
142166	1294211	4
5208	1294211	3
1835	1294211	1
1426	1294211	4
51000	1323620	5
39595	1265938	1
1154183	1273106	1
83220	1273106	4
53863	1273106	3
175629	1273106	2
107650	1273106	5
4570	1273106	4
55674	1273106	4
67007	1273106	4
1426	1273106	3
60581	1226650	4
84038	1226650	5
2158	1226650	2
10805	1274986	3
134778	1274986	4
526419	1274986	4
30688	1274986	2
369325	1266988	2
95387	1266988	1
115071	1266988	3
1426	1266988	1
35157	1195930	4
82903	1328091	5
54679	1290250	3
1166421	1228605	5
279441	1210053	4
79453	1210053	4
218657	1210053	5
224291	1210053	5
439713	1210053	5
678832	1210053	5
1146702	1317434	5
72095	1317434	5
18031	1222388	3
73944	1222388	3
10805	1306962	5
73944	1300889	5
847279	1244354	4
29145	1333140	3
28273	1221652	4
1160028	1261262	5
6731	1261262	3
51000	1228933	4
65445	1228933	4
870365	1325102	5
610669	1325102	3
497202	1325102	4
348706	1325102	4
73944	1325102	5
21440	1285109	2
87100	1285109	4
18274	1285109	5
1151375	1285109	4
103686	1285109	3
427546	1285109	5
110460	1285109	5
60581	1285109	4
69875	1285109	3
205355	1285109	5
1426	1285109	5
285371	1285109	3
1165001	1187171	4
7664	1187171	5
103096	1187171	5
106159	1187171	4
91056	1187171	5
874073	1187171	5
45313	1187171	4
98630	1187171	4
760073	1187171	5
624667	1187171	4
1157531	1187171	5
925251	1187171	5
28687	1289555	3
125354	1289555	4
13993	1289555	4
1153184	1289555	4
10805	1259832	4
5196	1259832	3
125354	1259832	3
222838	1259832	5
13993	1259832	5
60485	1259832	5
793468	1259832	5
74174	1259832	2
485024	1201209	5
46741	1201209	3
254832	1201209	4
87888	1201209	3
6179	1201209	3
10805	1230524	4
553291	1230524	5
14361	1230524	4
16693	1230524	4
49696	1230524	5
269691	1262832	5
95387	1239734	4
328603	1239734	4
30238	1239734	3
30688	1306992	5
1161578	1233305	5
83658	1294053	5
39537	1294053	2
348080	1294053	4
18071	1294053	3
41386	1294053	4
749963	1294053	3
16116	1294053	4
446867	1294053	4
111116	1294053	3
60583	1294053	4
74613	1294053	4
51173	1294053	4
51625	1294053	4
51000	1294053	4
18101	1294053	4
291235	1294053	4
1426	1294053	5
152741	1249237	4
30688	1260298	5
60485	1260298	5
16693	1260298	4
112210	1260298	4
900280	1334783	4
22800	1334783	4
357054	1334783	3
455499	1334783	5
6179	1334783	3
60581	1334783	5
17351	1334783	5
45313	1334783	1
114192	1334783	5
84038	1334783	3
206445	1334783	1
1426	1334783	5
31609	1281663	4
66380	1248027	3
39236	1248027	4
22453	1282138	1
30688	1282138	1
48416	1339353	1
5196	1339353	2
363340	1339353	1
506582	1339353	2
2181	1339353	2
45313	1243302	1
2181	1243302	4
243864	1314450	4
53863	1314450	4
542557	1314450	5
2181	1314450	5
166453	1218515	3
213900	1218515	3
162575	1218515	5
522263	1218515	4
362217	1218515	5
871434	1218515	5
18071	1218515	4
1154571	1218515	5
53863	1218515	5
360487	1218515	3
243864	1218515	1
520961	1218515	5
41344	1218515	5
442552	1218515	4
481159	1218515	5
802779	1218515	1
16116	1218515	1
239546	1218515	4
948901	1218515	1
503404	1218515	1
237000	1218515	2
1426	1218515	3
51018	1325437	2
73217	1325437	3
175548	1269204	3
49696	1269204	5
38905	1318497	5
64071	1318497	5
348080	1324023	5
